0 1
0 2
0 72
0 18
0 73
0 74
0 74
0 75
0 76
0 77
0 78
0 79
0 599
0 803
0 799
1 2
1 2
1 3
1 3
1 4
1 4
1 5
1 6
1 7
1 8
1 8
1 8
1 8
1 9
1 9
1 10
1 10
1 11
1 11
1 12
1 13
1 14
1 14
1 15
1 16
1 17
1 18
1 18
1 18
1 18
1 18
1 18
1 18
1 18
1 18
1 18
1 18
1 18
1 18
1 18
1 18
1 18
1 18
1 18
1 18
1 18
1 18
1 18
1 18
1 18
1 18
1 18
1 18
1 18
1 19
1 20
1 20
1 21
1 21
1 21
1 21
1 21
1 21
1 21
1 21
1 21
1 21
1 21
1 21
1 21
1 21
1 22
1 22
1 22
1 22
1 22
1 22
1 23
1 23
1 23
1 23
1 23
1 23
1 23
1 23
1 24
1 25
1 26
1 26
1 26
1 26
1 27
1 28
1 28
1 28
1 29
1 30
1 31
1 31
1 31
1 31
1 31
1 32
1 32
1 32
1 32
1 32
1 32
1 32
1 32
1 32
1 33
1 34
1 35
1 36
1 36
1 36
1 36
1 37
1 37
1 38
1 38
1 38
1 39
1 39
1 40
1 41
1 42
1 43
1 44
1 45
1 46
1 46
1 47
1 48
1 48
1 49
1 50
1 51
1 52
1 53
1 54
1 55
1 56
1 56
1 57
1 58
1 58
1 59
1 60
1 61
1 62
1 63
1 64
1 65
1 66
1 67
1 68
1 69
1 70
1 70
1 70
1 70
1 70
1 71
1 71
1 71
1 71
1 71
1 71
1 71
1 71
1 71
1 71
1 71
1 71
1 71
1 71
1 71
1 85
1 85
1 85
1 85
1 85
1 85
1 85
1 308
1 308
1 309
1 309
1 310
1 311
1 78
1 78
1 78
1 312
1 312
1 312
1 312
1 312
1 312
1 313
1 314
1 315
1 316
1 316
1 317
1 318
1 319
1 320
1 321
1 246
1 246
1 322
1 323
1 323
1 323
1 323
1 323
1 323
1 324
1 324
1 325
1 334
1 330
1 342
1 342
1 77
1 100
1 352
1 352
1 146
1 146
1 146
1 357
1 357
1 358
1 358
1 358
1 358
1 358
1 359
1 207
1 360
1 361
1 362
1 331
1 331
1 331
1 331
1 331
1 331
1 331
1 331
1 331
1 331
1 331
1 331
1 331
1 331
1 363
1 236
1 364
1 364
1 365
1 365
1 366
1 366
1 366
1 366
1 367
1 368
1 369
1 370
1 371
1 276
1 276
1 168
1 168
1 96
1 409
1 93
1 93
1 93
1 93
1 446
1 447
1 447
1 447
1 447
1 448
1 449
1 449
1 84
1 84
1 84
1 157
1 157
1 450
1 177
1 394
1 394
1 451
1 452
1 453
1 453
1 453
1 454
1 455
1 455
1 456
1 457
1 457
1 457
1 457
1 260
1 458
1 458
1 459
1 459
1 459
1 460
1 460
1 225
1 461
1 462
1 462
1 462
1 463
1 464
1 465
1 295
1 466
1 467
1 468
1 476
1 482
1 483
1 483
1 401
1 484
1 80
1 80
1 80
1 80
1 80
1 80
1 80
1 485
1 486
1 386
1 487
1 488
1 489
1 490
1 490
1 491
1 419
1 492
1 493
1 494
1 328
1 376
1 495
1 496
1 497
1 498
1 499
1 500
1 415
1 415
1 519
1 519
1 519
1 410
1 520
1 387
1 387
1 111
1 521
1 522
1 523
1 523
1 524
1 525
1 336
1 526
1 213
1 527
1 527
1 506
1 528
1 529
1 530
1 531
1 531
1 532
1 533
1 534
1 208
1 535
1 536
1 536
1 584
1 584
1 585
1 586
1 510
1 510
1 375
1 587
1 133
1 133
1 133
1 588
1 589
1 135
1 74
1 511
1 511
1 137
1 137
1 590
1 153
1 335
1 333
1 333
1 333
1 333
1 333
1 333
1 591
1 592
1 593
1 594
1 594
1 594
1 595
1 596
1 597
1 597
1 597
1 600
1 600
1 188
1 607
1 601
1 601
1 112
1 112
1 640
1 640
1 569
1 569
1 569
1 569
1 569
1 641
1 642
1 344
1 643
1 644
1 216
1 645
1 116
1 395
1 395
1 656
1 656
1 657
1 657
1 658
1 658
1 659
1 659
1 421
1 421
1 355
1 355
1 565
1 565
1 660
1 660
1 630
1 630
1 630
1 630
1 420
1 420
1 420
1 661
1 661
1 662
1 662
1 663
1 663
1 143
1 143
1 403
1 673
1 673
1 339
1 674
1 675
1 676
1 677
1 677
1 678
1 678
1 679
1 680
1 681
1 682
1 683
1 684
1 685
1 184
1 303
1 709
1 710
1 711
1 711
1 711
1 712
1 713
1 136
1 307
1 714
1 715
1 715
1 88
1 716
1 717
1 343
1 735
1 599
1 599
1 736
1 737
1 252
1 252
1 738
1 739
1 175
1 740
1 170
1 542
1 752
1 753
1 196
1 196
1 754
1 693
1 755
1 756
1 757
1 758
1 759
1 760
1 761
1 762
1 763
1 764
1 765
1 766
1 767
1 768
1 791
1 87
1 792
1 232
1 793
1 794
1 652
1 795
1 796
1 797
1 798
1 799
2 80
2 81
2 105
3 82
3 83
3 83
3 84
3 85
3 86
3 87
3 88
3 4
3 112
3 80
3 9
3 98
3 31
3 31
3 204
3 204
3 204
3 204
3 204
3 493
3 358
3 733
4 26
4 89
4 90
4 91
4 92
4 31
4 80
4 80
4 16
5 93
5 94
5 95
6 96
6 97
6 25
6 98
6 98
6 185
6 630
8 80
8 80
8 99
8 31
8 114
8 310
8 337
8 337
8 600
8 601
8 602
8 599
8 75
8 75
8 303
8 710
8 321
8 207
8 725
8 726
8 727
8 728
8 729
8 791
8 21
8 78
9 540
10 127
10 185
10 186
10 42
10 388
10 774
10 774
10 791
10 21
11 21
11 21
11 237
11 722
11 80
13 100
13 446
14 28
15 23
15 23
15 101
15 101
15 21
16 85
16 628
17 23
18 28
18 28
18 92
18 92
18 108
18 108
18 108
18 75
18 75
18 187
18 31
18 211
18 185
18 185
18 310
18 313
18 313
18 78
18 78
18 78
18 78
18 78
18 78
18 78
18 330
18 347
18 337
18 337
18 351
18 351
18 193
18 38
18 38
18 38
18 38
18 38
18 38
18 428
18 403
18 403
18 412
18 87
18 87
18 87
18 87
18 439
18 205
18 448
18 456
18 456
18 456
18 456
18 260
18 260
18 33
18 547
18 587
18 588
18 135
18 137
18 431
18 600
18 613
18 634
18 634
18 483
18 395
18 650
18 650
18 668
18 331
18 331
18 331
18 331
18 508
18 711
18 744
18 745
18 750
18 746
18 746
18 752
18 782
18 782
18 312
18 359
19 28
19 146
20 102
21 96
21 83
21 83
21 127
21 145
21 211
21 28
21 28
21 28
21 28
21 185
21 143
21 629
21 381
21 381
21 429
21 429
21 429
21 429
21 331
21 695
21 695
21 775
21 774
21 774
21 784
21 790
21 420
21 333
21 78
22 28
22 28
22 28
22 664
22 664
22 664
22 232
23 89
23 54
23 28
23 141
23 231
23 78
23 343
23 374
23 393
23 96
23 187
23 434
23 434
23 483
23 487
23 80
23 519
23 519
23 58
23 58
23 536
23 530
23 554
23 26
23 303
23 321
23 36
23 196
23 783
25 28
25 28
26 174
26 202
26 31
26 87
27 127
28 73
28 97
28 97
28 104
28 117
28 117
28 118
28 120
28 123
28 123
28 204
28 204
28 204
28 204
28 204
28 204
28 204
28 204
28 31
28 31
28 165
28 317
28 317
28 38
28 521
28 170
28 631
31 122
31 122
31 111
31 111
31 112
31 174
31 173
31 204
31 204
31 336
31 350
31 350
31 84
31 631
32 223
32 223
32 287
32 288
32 289
32 289
32 289
32 188
32 599
32 692
32 776
33 36
33 146
33 146
33 447
33 331
33 429
33 696
33 700
36 54
36 83
36 96
36 415
36 78
36 549
36 146
36 735
36 53
37 249
37 249
37 560
37 563
37 564
37 561
38 127
38 191
38 191
38 183
38 80
38 80
38 80
38 80
38 80
38 80
38 410
38 412
38 412
38 412
38 412
38 432
38 432
38 432
38 432
38 432
38 87
38 187
38 187
38 433
38 433
38 433
38 434
38 434
38 72
38 72
38 84
38 84
38 435
38 205
38 205
38 205
38 205
38 205
38 403
38 403
38 275
38 78
38 78
38 329
38 329
38 223
38 482
38 510
38 510
38 394
38 394
38 517
38 614
38 631
38 111
38 111
38 111
38 143
38 441
38 441
38 635
38 132
38 132
38 639
38 483
38 344
38 232
38 323
42 141
42 173
42 173
42 190
42 304
43 469
43 296
46 190
47 769
47 275
47 297
52 103
53 96
54 104
54 104
56 78
56 800
57 614
57 403
58 146
58 146
58 78
58 78
59 755
62 127
62 191
65 383
70 99
70 99
70 99
70 185
70 185
70 83
70 96
70 296
70 614
70 616
70 634
70 671
71 127
71 185
71 185
71 560
71 696
72 106
72 411
72 185
74 107
74 561
74 561
75 84
75 587
75 133
76 78
77 310
77 336
77 100
77 333
78 83
78 185
78 310
78 100
78 100
78 315
78 313
78 313
78 335
78 308
78 380
78 380
78 382
78 382
78 382
78 133
78 437
78 437
78 187
78 438
78 444
78 445
78 434
78 434
78 482
78 482
78 509
78 289
78 84
78 80
78 312
78 111
78 449
78 537
78 521
78 718
80 108
80 109
80 110
80 110
80 110
80 114
80 86
80 129
80 130
80 132
80 140
80 146
80 146
80 201
80 205
80 311
80 315
80 315
80 319
80 338
80 411
80 185
80 185
80 628
80 395
80 135
80 135
80 673
80 687
80 690
80 701
80 710
80 373
80 732
80 420
80 116
80 458
80 458
80 333
81 232
81 678
82 83
83 111
83 111
83 111
83 111
83 120
83 123
83 87
84 132
84 185
84 146
84 484
84 303
85 185
85 249
85 249
85 93
85 87
85 539
85 665
85 696
85 736
86 560
86 566
86 561
86 561
86 580
87 199
87 219
87 205
87 205
87 429
87 93
87 451
87 452
87 520
87 560
87 567
87 614
87 185
87 632
87 96
87 482
87 312
87 395
87 654
87 673
87 449
87 748
87 769
87 116
87 802
87 333
87 420
89 185
89 449
92 116
92 109
92 109
92 127
93 113
93 100
93 257
93 469
93 469
93 185
96 99
96 252
96 384
96 408
96 297
96 331
96 561
96 561
100 152
100 339
100 339
100 319
101 430
101 441
101 136
101 701
101 403
101 708
101 708
101 700
101 700
101 700
101 700
101 700
102 204
103 228
105 115
108 119
111 121
111 121
111 121
111 114
111 114
111 123
111 125
111 137
111 519
111 521
111 548
111 549
111 550
111 553
112 127
112 561
112 561
112 647
112 524
113 712
113 733
113 734
116 502
116 509
116 517
116 517
116 517
116 585
116 599
116 608
116 608
116 136
116 184
122 124
122 225
122 225
123 413
125 126
127 128
127 129
127 130
127 131
127 132
127 133
127 134
127 135
127 136
127 137
127 138
127 139
127 140
127 141
127 142
127 143
127 144
127 145
127 146
127 147
127 148
127 149
127 150
127 151
127 152
127 153
127 154
127 155
127 156
127 157
127 158
127 159
127 160
127 161
127 162
127 163
127 164
127 165
127 166
127 167
127 168
127 169
127 170
127 171
127 172
127 183
127 184
128 173
129 174
129 175
129 176
129 177
129 178
129 179
129 180
129 181
129 168
129 182
130 187
130 483
130 289
130 209
131 188
131 140
132 189
133 190
133 185
133 257
133 257
133 258
133 258
133 411
133 469
133 669
133 564
133 670
133 395
136 185
136 256
136 483
136 358
136 651
136 652
136 653
136 653
136 168
136 485
136 373
142 285
143 185
143 633
143 482
143 669
145 192
145 192
145 169
146 193
146 193
146 372
146 373
146 373
146 374
146 375
146 376
146 377
146 378
146 379
146 380
146 380
146 380
146 381
146 381
146 382
146 382
146 382
146 382
146 382
146 404
146 331
146 223
146 572
148 483
148 185
156 194
156 194
156 194
156 210
157 475
159 192
159 560
159 565
161 185
165 185
167 284
167 284
167 599
168 382
170 185
172 192
172 193
174 194
174 188
174 195
174 196
174 197
175 198
175 596
176 199
176 200
183 201
183 207
184 193
184 400
184 382
184 430
184 439
184 586
184 709
184 420
185 199
185 219
185 220
185 221
185 222
185 223
185 224
185 225
185 226
185 227
185 228
185 229
185 230
185 231
185 232
185 232
185 233
185 234
185 235
185 236
185 237
185 238
185 239
185 240
185 241
185 242
185 243
185 244
185 245
185 246
185 247
185 248
185 249
185 250
185 251
185 297
185 299
185 614
185 615
185 616
185 617
185 618
185 191
185 619
185 620
185 621
185 622
185 623
185 625
187 403
187 403
188 266
193 389
193 390
193 391
193 519
193 519
194 203
194 204
195 201
195 203
195 206
195 441
195 624
196 482
196 359
196 333
201 205
201 205
201 206
201 207
201 208
201 209
202 204
202 204
202 204
202 360
202 360
202 331
204 211
204 211
204 211
204 211
204 212
204 212
204 212
204 212
204 213
204 213
204 213
204 214
204 215
204 216
204 216
204 217
204 217
204 218
204 218
205 308
205 332
205 332
205 333
205 333
205 446
206 308
206 323
206 345
206 345
206 345
206 351
207 700
207 707
209 394
209 696
212 260
212 482
212 482
219 252
219 252
219 253
219 254
219 255
219 256
219 293
219 294
219 295
220 259
220 260
220 261
220 249
220 249
220 290
220 264
220 291
221 262
221 263
221 263
222 264
222 226
222 265
222 266
223 267
224 268
224 269
225 235
226 285
226 285
226 285
226 285
226 285
226 285
228 258
229 270
229 270
230 710
230 256
230 296
232 264
232 395
232 395
234 269
236 269
240 241
240 241
240 241
241 268
241 246
241 246
246 301
249 271
249 271
249 272
249 273
249 302
249 304
250 274
250 274
251 274
251 274
252 275
252 276
252 277
252 278
252 279
252 630
252 323
252 323
252 323
252 515
253 280
256 401
257 268
257 281
258 264
258 267
258 300
260 282
260 283
260 283
260 283
260 429
260 560
261 358
262 284
262 284
264 302
264 303
264 303
265 286
269 300
273 292
274 561
275 432
275 297
277 296
277 296
277 483
278 297
280 298
281 411
281 427
281 427
281 428
281 429
283 395
283 612
287 299
288 299
292 651
292 648
295 447
295 480
295 480
295 480
295 480
295 480
295 480
295 480
296 480
296 480
296 625
297 446
297 477
297 478
297 769
299 312
299 304
300 301
300 305
302 306
303 307
303 718
303 719
304 313
304 344
304 449
304 449
304 449
304 449
304 710
309 326
309 327
309 401
312 323
312 539
312 339
312 339
312 394
312 801
312 801
312 801
313 328
313 329
314 330
314 485
314 485
314 512
314 512
314 493
315 340
319 331
319 331
321 395
321 732
321 733
321 333
323 331
323 331
323 337
323 630
323 665
323 669
329 584
330 341
331 451
331 451
331 451
331 420
332 345
332 346
333 345
333 353
333 483
333 791
333 792
333 804
333 804
336 483
339 348
339 348
339 348
339 354
339 355
339 356
339 691
341 349
343 449
344 383
344 640
344 358
344 787
349 354
355 696
357 383
357 384
357 385
357 385
358 386
358 387
358 655
358 647
358 508
358 693
359 614
361 371
363 389
364 519
372 386
372 392
372 393
372 382
381 561
382 394
382 406
382 406
382 407
383 395
383 396
383 560
383 562
383 561
383 561
383 561
385 397
385 398
385 399
386 561
386 561
386 561
386 561
386 561
386 583
389 401
389 401
391 774
393 402
393 403
393 401
395 586
395 600
395 600
395 600
395 609
395 610
395 632
395 666
395 666
395 630
395 630
395 720
400 405
401 502
401 460
401 519
401 519
403 442
403 442
403 561
403 561
410 411
410 423
410 424
410 521
410 546
410 441
410 778
411 412
411 413
411 414
411 415
411 416
411 417
411 418
411 419
411 420
411 421
411 422
413 425
413 426
413 496
415 430
415 431
415 438
415 443
415 537
415 538
419 503
419 503
419 503
419 503
419 504
420 453
420 508
423 424
423 424
423 424
425 436
430 438
434 439
434 439
436 440
439 443
441 482
441 561
441 561
441 561
441 636
441 637
446 470
446 471
446 472
446 473
447 474
449 551
449 623
449 623
456 476
457 667
458 709
458 796
470 479
475 479
479 481
483 501
483 646
485 493
493 505
493 508
493 508
493 511
495 506
496 507
496 507
496 507
500 508
502 511
502 511
508 512
508 518
508 518
510 513
510 514
510 604
510 605
512 515
512 516
515 519
515 519
515 599
515 636
519 540
519 540
519 541
519 541
519 542
519 542
519 542
519 543
519 544
519 544
519 544
519 545
519 556
519 558
519 558
521 554
529 652
530 557
535 648
535 648
535 648
537 552
539 647
552 555
552 555
554 559
560 561
561 568
561 568
561 568
561 568
561 568
561 568
561 568
561 568
561 569
561 569
561 569
561 569
561 569
561 570
561 572
561 572
561 572
561 572
561 572
561 572
561 572
561 572
561 572
561 572
561 575
561 576
561 576
561 576
561 577
561 577
561 578
561 580
561 580
561 580
561 581
561 582
561 582
564 571
567 573
567 573
569 584
570 574
572 580
572 577
573 575
576 579
584 598
585 599
586 603
590 606
599 607
599 800
599 624
607 611
614 624
614 625
614 626
615 627
620 627
627 633
627 633
627 633
628 634
628 634
630 672
636 638
646 648
646 649
652 752
652 774
667 669
673 686
673 687
673 688
673 689
673 690
675 677
686 694
693 771
693 772
696 697
696 697
696 701
696 702
697 698
697 699
698 703
698 702
699 700
699 700
699 700
699 700
699 700
699 700
699 700
700 701
700 701
700 701
700 701
700 701
700 701
700 701
700 701
701 704
701 703
702 705
703 706
709 720
710 721
711 723
711 741
711 742
711 736
712 726
712 726
713 724
720 730
720 731
725 733
730 732
736 743
741 744
741 745
741 746
741 746
741 746
742 747
746 749
746 749
746 751
746 751
746 751
746 751
746 751
752 769
752 770
755 773
755 774
767 777
769 778
769 778
769 779
769 780
769 781
771 784
772 785
774 786
774 787
774 787
774 788
774 789
788 790
801 805
