0 0.630717658996582
1 0.7829245642341417
2 0.6899339457352957
3 0.7779160189628601
4 0.7477921098470688
5 0.7738527357578278
6 0.7297286465764046
7 0.998647153377533
8 0.6373997449874877
9 0.7368704229593277
10 0.5757039893757213
11 0.9934248328208923
12 0.997655987739563
13 0.9949559370676676
14 0.850688636302948
15 0.5229035417238871
16 0.733094722032547
17 0.9957910776138306
18 0.7376376602960669
19 0.9665550788243612
20 0.6679232517878214
21 0.8708725316183907
22 0.5516700194432185
23 0.793006744980812
24 0.9967697858810425
25 0.7593557238578796
26 0.8104271948337555
27 0.011944115161895752
28 0.7385478548028253
29 0.9962736368179321
30 0.9928379654884338
31 0.7486090792549981
32 0.7584425240755082
33 0.7521274089813232
34 0.11918836832046509
35 0.9865151643753052
36 0.6682707707087199
37 0.9891697391867638
38 0.7190858905132
39 0.9988239407539368
40 0.9961609840393066
41 0.9879292249679565
42 0.7794789161000933
43 0.6480964223543803
44 0.9989186525344849
45 0.9986988306045532
46 0.9730475743611654
47 0.7494887113571167
48 0.5048949122428894
49 0.006913244724273682
50 0.9967490434646606
51 0.001043558120727539
52 0.005141407251358032
53 0.6649565100669861
54 0.970888900756836
55 0.997133731842041
56 0.9606273919343948
57 0.9883609016736349
58 0.7466939017176628
59 0.49965691566467285
60 0.9994474053382874
61 0.4841241240501404
62 0.33251647154490155
63 0.6325278282165527
64 0.6252000331878662
65 0.9927279353141785
66 0.0008966326713562012
67 0.999272882938385
68 0.9996179342269897
69 0.9991834759712219
70 0.6650246136328753
71 0.9994409680366516
72 0.9908550481001536
73 0.9839931726455688
74 0.9914170106252035
75 0.7399578765034676
76 0.9972304403781891
77 0.8838017284870148
78 0.6726401646931967
79 0.007161080837249756
80 0.7513021426122697
81 0.9923844337463379
82 0.9954574406147003
83 0.6686992446581522
84 0.6494534313678741
85 0.7189772029717764
86 0.7481902412005833
87 0.8600110927143613
88 0.9912471175193787
89 0.5375744849443436
90 0.9981725215911865
91 0.9818983674049377
92 0.8449734108788627
93 0.7526331773171058
94 0.10429680347442627
95 0.9995115995407104
96 0.741170521825552
97 0.3890162905057271
98 0.004353781541188558
99 0.7983019113540649
100 0.5787882745265961
101 0.8564256599971226
102 0.5064482688903809
103 0.4914793372154236
104 0.9885769089063009
105 0.9989527761936188
106 0.9996019005775452
107 0.9981290698051453
108 0.7999571204185486
109 0.6374463438987732
110 0.9976949493090311
111 0.5437715339660645
112 0.8015550639894273
113 0.7593708634376526
114 0.20831844210624695
115 0.9982228875160217
116 0.9393968105316162
117 0.993613064289093
118 0.9575088620185852
119 0.9983742237091064
120 0.49105238914489746
121 0.6578638752301534
122 0.7989804863929748
123 0.7916707158088684
124 0.9913316965103149
125 0.4759496748447418
126 0.00012302398681640625
127 0.7700905680656434
128 0.9907073080539703
129 0.8088634610176086
130 0.8224255045255026
131 0.665926973025004
132 0.6781295438607534
133 0.7456641296545664
134 0.1673886775970459
135 0.8045876026153564
136 0.7466713984807333
137 0.8056768178939819
138 0.9989253878593445
139 0.9994210004806519
140 0.37167954444885254
141 0.9898759325345358
142 0.9458183646202087
143 0.7892020212279426
144 0.9965840578079224
145 0.8013221144676208
146 0.7414591861398596
147 0.4338981509208679
148 0.9958265423774719
149 0.9899809956550598
150 0.9979599714279175
151 0.9899482727050781
152 0.5006355941295624
153 0.49779585003852844
154 0.989441990852356
155 0.012627184391021729
156 0.6307512283325195
157 0.7276047766208649
158 0.008112728595733643
159 0.9871534556150436
160 0.9777427911758423
161 0.9955290853977203
162 0.9934292435646057
163 0.9991325736045837
164 0.9768475294113159
165 0.9926077922185262
166 0.9774632453918457
167 0.7815234810113907
168 0.9941960573196411
169 0.998497873544693
170 0.7485728412866592
171 0.9870221018791199
172 0.6617445747057596
173 0.8425175994634628
174 0.9038916528224945
175 0.9959169179201126
176 0.7977095047632853
177 0.891945868730545
178 0.9939476251602173
179 0.0018423199653625488
180 0.00036716461181640625
181 0.9778158664703369
182 0.8432391285896301
183 0.7471703141927719
184 0.8040283484892412
185 0.7624219341858013
186 0.9654226899147034
187 0.7479092478752136
188 0.7919192552566529
189 0.9682839512825012
190 0.9870599706967672
191 0.7446225732564926
192 0.7517060786485672
193 0.8933638393878937
194 0.8563673198223114
195 0.828800251086553
196 0.7479936395372663
197 0.9956672191619873
198 0.9993734955787659
199 0.3303674856821696
200 0.44964510202407837
201 0.5329527523782518
202 0.9827763438224792
203 0.5015126168727875
204 0.790719230969747
205 0.8230482129489675
206 0.8359555974602699
207 0.6319749553998312
208 0.49963486194610596
209 0.936258465051651
210 0.00013768672943115234
211 0.6666008830070496
212 0.9940688354628426
213 0.7719074338674545
214 0.9913604855537415
215 0.1130448579788208
216 0.724318285783132
217 0.8530768156051636
218 0.9996349513530731
219 0.9857181202281605
220 0.842778742313385
221 0.9975002259016037
222 0.6382551670074463
223 0.5884327491124471
224 0.3546813527743022
225 0.793109679222107
226 0.7353178784251213
227 0.8476772308349609
228 0.6472175319989523
229 0.613085945447286
230 0.27750879526138306
231 0.9945931434631348
232 0.7956950730747647
233 0.9929627776145935
234 0.9982959032058716
235 0.9614582657814026
236 0.3343964417775472
237 0.9865968525409698
238 0.9986326098442078
239 0.9989681243896484
240 0.24587228894233704
241 0.5566235610416957
242 0.9935641884803772
243 0.054101645946502686
244 0.9984090924263
245 0.0019278526306152344
246 0.667393167813619
247 0.9996324777603149
248 0.9992682337760925
249 0.861540294610537
250 0.9992694656054179
251 0.9975402156511942
252 0.6993132472038269
253 0.9871576726436615
254 0.9992485642433167
255 0.9242647290229797
256 0.6211623996496201
257 0.9262179613113404
258 0.7664261758327484
259 0.9985775947570801
260 0.7477296861735258
261 0.9928088188171387
262 0.9976093371709188
263 0.9969382882118225
264 0.6894231353487287
265 0.577804684638977
266 0.9995896220207214
267 0.34334883093833923
268 0.3328347404797872
269 0.5179658532142639
270 0.4961147904396057
271 0.997389942407608
272 0.9868513941764832
273 0.9964396953582764
274 0.998156201839447
275 0.8072276830673217
276 0.6887496511141459
277 0.6309297829866409
278 0.9433183670043945
279 0.9494562149047852
280 0.9771153628826141
281 0.5160266359647115
282 0.9932159781455994
283 0.5978793978691102
284 0.7814616411924362
285 0.8316182494163513
286 0.9980332255363464
287 0.9979559779167175
288 0.9965583384037018
289 0.9913852334022522
290 0.0059400200843811035
291 0.9859516620635986
292 0.7870105703671774
293 0.9912096261978149
294 0.9991294741630554
295 0.7688921391963959
296 0.6622043624520302
297 0.4470359418127272
298 0.9560888409614563
299 0.7216808915138244
300 0.9994229227304459
301 0.49980878829956055
302 0.9921987454096476
303 0.874125169383155
304 0.6514494895935059
305 0.9996902942657471
306 0.981663167476654
307 0.49484437704086304
308 0.5736016273498535
309 0.79054696559906
310 0.9929955124855041
311 0.6841947734355927
312 0.6203707059224447
313 0.8691406324505806
314 0.9640134487833295
315 0.7110877752304077
316 0.9966609179973602
317 0.8223551710446676
318 0.9201359748840332
319 0.9628415942192078
320 0.9944992065429688
321 0.6819695830345154
322 0.9861397743225098
323 0.416074749496248
324 0.7003933489322662
325 0.9973330497741699
326 0.9795262813568115
327 0.0012729763984680176
328 0.993285059928894
329 0.26030752062797546
330 0.943000540137291
331 0.8912929354175445
332 0.758826270699501
333 0.6941055031049819
334 0.8957931399345398
335 0.0015267133712768555
336 0.8434953689575195
337 0.8029680132865906
338 0.013480186462402344
339 0.7506928592920303
340 0.0037159323692321777
341 0.9959882497787476
342 0.9977920353412628
343 0.3462355136871338
344 0.9948641402380807
345 0.9717454433441162
346 0.9968256950378418
347 0.001657724380493164
348 0.34377235174179077
349 0.9987010359764099
350 0.9931425154209137
351 0.6650859514872233
352 0.03269729018211365
353 0.004971921443939209
354 0.9990821480751038
355 0.7501001209020615
356 0.014175891876220703
357 0.8248874147733053
358 0.6690664728482564
359 0.9955725520849228
360 0.9986359477043152
361 0.5006613433361053
362 0.002844572067260742
363 0.5049344599246979
364 0.354744831720988
365 0.6469629108905792
366 0.8255818337202072
367 0.5137283205986023
368 0.9861817359924316
369 0.9967184662818909
370 0.045085251331329346
371 0.999710202217102
372 0.7997551798820496
373 0.9669017940759659
374 0.5252558290958405
375 0.4644327759742737
376 0.5074286758899689
377 0.9931917786598206
378 0.998429000377655
379 0.9951967597007751
380 0.8566392302513123
381 0.586060082912445
382 0.7323543945948283
383 0.8151824295520782
384 0.007073312997817993
385 0.9846545100212097
386 0.9447005523575677
387 0.6671386957168579
388 0.22100764513015747
389 0.6897820085287094
390 0.999619722366333
391 0.9862447381019592
392 0.004402339458465576
393 0.7988525867462158
394 0.6848931908607483
395 0.724283842936806
396 0.9995736479759216
397 0.9856675267219543
398 0.9857407212257385
399 0.9992558360099792
400 0.977528303861618
401 0.673872458934784
402 0.9983648657798767
403 0.7442278351102557
404 0.026243209838867188
405 0.987125813961029
406 0.584967315196991
407 0.01262122392654419
408 0.9684199690818787
409 0.9929734468460083
410 0.5563668542438083
411 0.9625236690044403
412 0.7688269217809042
413 0.9931443333625793
414 0.9988049268722534
415 0.7069778800010681
416 0.4544519782066345
417 0.9996726512908936
418 0.9990830421447754
419 0.6645973069327218
420 0.6337944377552379
421 0.9713107148806254
422 0.9980238676071167
423 0.6196402162313461
424 0.868683323264122
425 0.7441184222698212
426 0.997548520565033
427 0.02498483657836914
428 0.5480256676673889
429 0.9414778798818588
430 0.9943376332521439
431 0.5268739759922028
432 0.5020975569883982
433 0.6299650271733602
434 0.7043865993618965
435 0.9601691365242004
436 0.752247154712677
437 0.5134200751781464
438 0.9831985632578532
439 0.7670583367347718
440 0.9962628483772278
441 0.7506293220953508
442 0.5185008347034454
443 0.9196213781833649
444 0.00022226572036743164
445 0.00015664100646972656
446 0.8718833923339844
447 0.7151574237006051
448 0.5130093991756439
449 0.7257403226999136
450 0.9989109039306641
451 0.79533531665802
452 0.9947129487991333
453 0.7555187940597534
454 0.9985364675521851
455 0.49753260612487793
456 0.9297511180241903
457 0.42366833686828614
458 0.7770455280939738
459 0.6654287775357565
460 0.9965396523475647
461 0.9977161884307861
462 0.9954900145530701
463 0.9904751181602478
464 0.9973822236061096
465 0.4829597473144531
466 0.9972811937332153
467 0.7039148807525635
468 0.9954602122306824
469 0.9298793524503708
470 0.9994562864303589
471 0.9947147965431213
472 0.9893630146980286
473 0.988303005695343
474 0.994067907333374
475 0.9897135198116302
476 0.9966008961200714
477 0.06257116794586182
478 0.00019377470016479492
479 0.998052974541982
480 0.8533105651537577
481 0.9954219460487366
482 0.8945290923118592
483 0.8543166105563824
484 0.5014778077602386
485 0.6035089254379272
486 0.8802936673164368
487 0.995101809501648
488 0.9996527433395386
489 0.9997770190238953
490 0.9727389812469482
491 0.9887979626655579
492 0.9988154172897339
493 0.870012916624546
494 0.9921960830688477
495 0.9966993927955627
496 0.7689767241477966
497 0.9987131357192993
498 0.9754979014396667
499 0.9939310550689697
500 0.49243831634521484
501 0.9918617010116577
502 0.7849004715681076
503 0.42805905640125275
504 0.9461210370063782
505 0.9924466609954834
506 0.9980184435844421
507 0.62010391553243
508 0.8769847353299459
509 0.9972509443759918
510 0.44057632982730865
511 0.6299835562705993
512 0.7787423372268677
513 0.06542080640792847
514 0.973730206489563
515 0.5014871756235758
516 0.904563307762146
517 0.8548298329114914
518 0.9625199139118195
519 0.7374048914228167
520 0.997617095708847
521 0.3741746246814728
522 0.9574811458587646
523 0.9658360779285431
524 0.9973207712173462
525 0.964642345905304
526 0.9777719974517822
527 0.9992704391479492
528 0.993439257144928
529 0.9989887177944183
530 0.6772257486979166
531 0.99905925989151
532 0.9961054921150208
533 0.5317538380622864
534 0.02349334955215454
535 0.7472359389066696
536 0.9969539244969686
537 0.9881008664766947
538 0.9965640902519226
539 0.33379125595092773
540 0.6651584108670553
541 0.49700555205345154
542 0.7490266710519791
543 0.9990637898445129
544 0.3336482048034668
545 0.9985820055007935
546 0.021822810173034668
547 0.9950516819953918
548 0.979736864566803
549 0.5191829800605774
550 0.19055408239364624
551 0.9996411800384521
552 0.6696908672650655
553 0.9473453164100647
554 0.6430046161015829
555 0.5047011077404022
556 0.6462231278419495
557 0.993564784526825
558 0.6000790596008301
559 0.003192126750946045
560 0.9150170162320137
561 0.8447268451413801
562 0.0858147144317627
563 0.9914382696151733
564 0.3488658666610718
565 0.9807454744974772
566 0.9957399368286133
567 0.7069031993548075
568 0.9974143952131271
569 0.8934257247231223
570 0.9982793033123016
571 0.003949463367462158
572 0.5509185378368084
573 0.7067963282267252
574 0.9975442290306091
575 0.9987659454345703
576 0.7490848749876022
577 0.5326052109400431
578 0.9960663914680481
579 0.9940981864929199
580 0.7990993857383728
581 0.9986720085144043
582 0.6499611139297485
583 0.998034656047821
584 0.61964191198349
585 0.7132173180580139
586 0.9957130998373032
587 0.9963837067286173
588 0.5104829370975494
589 0.9980477094650269
590 0.9982123076915741
591 0.9934502840042114
592 0.9958112239837646
593 0.9986409544944763
594 0.331404447555542
595 0.9077767729759216
596 0.9918200373649597
597 0.998914102713267
598 0.9731612205505371
599 0.7637949188550314
600 0.4258825182914734
601 0.26919947067896527
602 0.9990798234939575
603 0.9993637204170227
604 0.985996663570404
605 0.007491648197174072
606 0.9968578815460205
607 0.6429495215415955
608 0.997167557477951
609 0.9961206316947937
610 0.9996851682662964
611 0.04854649305343628
612 0.9927616715431213
613 0.34438276290893555
614 0.6793070899115669
615 0.9979484975337982
616 0.9991937279701233
617 0.9622454047203064
618 0.998792290687561
619 0.9994447827339172
620 0.9908860623836517
621 0.0020508170127868652
622 0.9896920323371887
623 0.6527187824249268
624 0.9943902095158895
625 0.9200190305709839
626 0.004536449909210205
627 0.7999991059303284
628 0.4820127934217453
629 0.98996502161026
630 0.6942067801952362
631 0.9831876357396444
632 0.9903484582901001
633 0.7541200220584869
634 0.3991872429847717
635 0.009304285049438477
636 0.992321789264679
637 0.030618667602539062
638 0.9852737784385681
639 0.15691828727722168
640 0.9987342357635498
641 0.9906170964241028
642 0.9960993528366089
643 0.9963966012001038
644 0.999009370803833
645 0.9736854434013367
646 0.3807869752248128
647 0.3339000741640727
648 0.7978882312774658
649 0.00015878677368164062
650 0.9981107413768768
651 0.6822210848331451
652 0.8796990394592286
653 0.50058713555336
654 0.9995124340057373
655 0.9985062479972839
656 0.0016238689422607422
657 0.9948318004608154
658 0.9997648596763611
659 0.9900200366973877
660 0.9994463324546814
661 0.9888606667518616
662 0.0494731068611145
663 0.9961534142494202
664 0.04518000284830729
665 0.7093148231506348
666 0.0009622871875762939
667 0.3072347939014435
668 0.9965817332267761
669 0.41953372955322266
670 0.003421604633331299
671 0.01961994171142578
672 0.9735128283500671
673 0.9957575731807284
674 0.012049317359924316
675 0.5014673173427582
676 0.9996556043624878
677 0.667724589506785
678 0.9966830015182495
679 0.9992172718048096
680 0.7795436382293701
681 0.9802867770195007
682 0.9961782693862915
683 0.9972015619277954
684 0.9987195730209351
685 0.9897418022155762
686 0.99942547082901
687 0.9944311082363129
688 0.9993450045585632
689 0.9985697269439697
690 0.9911086857318878
691 0.9949640035629272
692 0.9993276596069336
693 0.694724440574646
694 0.9990634322166443
695 0.9829509556293488
696 0.8861339158482022
697 0.7527547925710678
698 0.08991855382919312
699 0.9975643679499626
700 0.915570622140711
701 0.8536353157116816
702 0.4167720476786296
703 0.33465160926183063
704 0.9964086413383484
705 0.02048736810684204
706 0.0010460615158081055
707 0.9985449314117432
708 0.9994771778583527
709 0.735209733247757
710 0.6572755674521128
711 0.8994023129343987
712 0.9630724936723709
713 0.9353468418121338
714 0.01426541805267334
715 0.9959010779857635
716 0.9994403719902039
717 0.0031705498695373535
718 0.9978962242603302
719 0.9997410178184509
720 0.768206313252449
721 0.9970391988754272
722 0.9968782663345337
723 0.9868048429489136
724 0.8825848698616028
725 0.5255697667598724
726 0.9900125861167908
727 0.03347140550613403
728 0.9901992082595825
729 0.028663814067840576
730 0.9941183626651764
731 0.14453577995300293
732 0.6677709023157755
733 0.6481229662895203
734 0.9970135688781738
735 0.513490229845047
736 0.984016627073288
737 0.9965354204177856
738 0.9846091270446777
739 0.9959914088249207
740 0.9987295269966125
741 0.7486278216044108
742 0.14782634377479553
743 0.984367311000824
744 0.3296438455581665
745 0.9957390129566193
746 0.9575322071711222
747 0.038456737995147705
748 0.001987934112548828
749 0.9991255104541779
750 0.9992349147796631
751 0.9986637711524964
752 0.6785408139228821
753 0.00821918249130249
754 0.0032311677932739258
755 0.5338578969240189
756 0.999582827091217
757 0.19067203998565674
758 0.006769657135009766
759 0.000583648681640625
760 0.008517980575561523
761 0.9545308351516724
762 0.9960734844207764
763 0.9948233366012573
764 0.00013506412506103516
765 0.8489986658096313
766 0.9995710253715515
767 0.9912081956863403
768 0.08984076976776123
769 0.7711993720796373
770 0.0001366138458251953
771 0.0005449652671813965
772 0.9968446493148804
773 0.154282808303833
774 0.8689676076173782
775 0.9990193843841553
776 0.0035625696182250977
777 0.996335506439209
778 0.9978237946828207
779 0.5048617124557495
780 0.4337654709815979
781 0.9994262456893921
782 0.005736857652664185
783 0.9952772855758667
784 0.4981279969215393
785 0.9996790885925293
786 0.9836798310279846
787 0.9942693114280701
788 0.27268552780151367
789 0.0015053749084472656
790 0.50152587890625
791 0.7391062676906586
792 0.9969796240329742
793 0.9975417852401733
794 0.997267484664917
795 0.9928367733955383
796 0.7455251216888428
797 0.9957810640335083
798 0.9936671853065491
799 0.9892267286777496
800 0.9879075288772583
801 0.6658771932125092
802 0.9931011199951172
803 0.00013649463653564453
804 0.03514641523361206
805 0.9983445405960083
