0 1 0.9993558526039124
0 2 0.14900994300842285
0 72 0.9996352195739746
0 18 0.9993841648101807
0 73 0.9940371513366699
0 74 0.9741262197494507
0 74 0.9987671375274658
0 75 0.0037082433700561523
0 76 0.9984789490699768
0 77 0.9993509650230408
0 78 0.30147111415863037
0 79 0.007161080837249756
0 599 0.056673407554626465
0 803 0.00013649463653564453
0 799 0.9794689416885376
1 2 0.999219536781311
1 2 0.007643699645996094
1 3 0.9976671934127808
1 3 0.9989557266235352
1 4 0.9982613921165466
1 4 0.9917346239089966
1 5 0.9925047159194946
1 6 0.9991388320922852
1 7 0.998647153377533
1 8 0.9452860355377197
1 8 0.9947872161865234
1 8 0.5590499639511108
1 8 0.9974186420440674
1 9 0.992868959903717
1 9 0.968532919883728
1 10 0.9903573393821716
1 10 0.9997078776359558
1 11 0.9978255033493042
1 11 0.9873036742210388
1 12 0.997655987739563
1 13 0.9899652600288391
1 14 0.9427981972694397
1 14 0.9761331081390381
1 15 0.1332625150680542
1 16 0.9988107681274414
1 17 0.9959744811058044
1 18 0.9943417310714722
1 18 0.9959012866020203
1 18 0.017646968364715576
1 18 0.9994649291038513
1 18 0.009553909301757812
1 18 0.9968472123146057
1 18 0.9885919690132141
1 18 0.2158902883529663
1 18 0.000125885009765625
1 18 0.9994756579399109
1 18 0.9961259961128235
1 18 0.997996985912323
1 18 0.0032492876052856445
1 18 0.997996985912323
1 18 0.0032492876052856445
1 18 0.9974029660224915
1 18 0.7507352828979492
1 18 0.0035169124603271484
1 18 0.28613871335983276
1 18 0.05414772033691406
1 18 0.007405579090118408
1 18 0.9987486600875854
1 18 0.9967865943908691
1 18 0.9994136095046997
1 18 0.9988983869552612
1 18 0.999645471572876
1 18 0.003295004367828369
1 18 0.003998458385467529
1 19 0.9095271229743958
1 20 0.9993888139724731
1 20 0.01214754581451416
1 21 0.9996671676635742
1 21 0.9980117082595825
1 21 0.9934559464454651
1 21 0.0004398226737976074
1 21 0.998576283454895
1 21 0.999508261680603
1 21 0.99958735704422
1 21 0.9983294606208801
1 21 0.9993763566017151
1 21 0.998329222202301
1 21 0.9903025031089783
1 21 0.997576892375946
1 21 0.9973630309104919
1 21 0.006226718425750732
1 22 0.9976667165756226
1 22 0.9877474308013916
1 22 0.031751036643981934
1 22 0.9986844658851624
1 22 0.031751036643981934
1 22 0.9986844658851624
1 23 0.988077700138092
1 23 0.996505618095398
1 23 0.9681792259216309
1 23 0.9986398816108704
1 23 0.9523653388023376
1 23 0.9968546628952026
1 23 0.9988113641738892
1 23 0.9993034601211548
1 24 0.9967697858810425
1 25 0.984092116355896
1 26 0.9987497329711914
1 26 0.9983218312263489
1 26 0.8573045134544373
1 26 0.9995535016059875
1 27 0.009254932403564453
1 28 0.9987695813179016
1 28 0.007977485656738281
1 28 0.9995065927505493
1 29 0.9962736368179321
1 30 0.9928379654884338
1 31 0.9993841648101807
1 31 0.9982276558876038
1 31 0.9811611771583557
1 31 0.006969153881072998
1 31 0.9861804842948914
1 32 0.0025454163551330566
1 32 0.9987950325012207
1 32 0.9968149065971375
1 32 0.9897961020469666
1 32 0.9984601736068726
1 32 0.17612290382385254
1 32 0.9997969269752502
1 32 0.9979725480079651
1 32 0.9973938465118408
1 33 0.010684609413146973
1 34 0.11918836832046509
1 35 0.9865151643753052
1 36 0.9995830655097961
1 36 0.9904443621635437
1 36 0.9960944056510925
1 36 0.9868437647819519
1 37 0.9974216222763062
1 37 0.976884663105011
1 38 0.9989952445030212
1 38 0.9377955198287964
1 38 0.9377955198287964
1 39 0.9994081258773804
1 39 0.9982397556304932
1 40 0.9961609840393066
1 41 0.9879292249679565
1 42 0.9976972937583923
1 43 0.011628210544586182
1 44 0.9989186525344849
1 45 0.9986988306045532
1 46 0.9997193217277527
1 46 0.9288797378540039
1 47 0.9884299039840698
1 48 0.9990333318710327
1 48 0.010756492614746094
1 49 0.006913244724273682
1 50 0.9967490434646606
1 51 0.001043558120727539
1 52 0.004730641841888428
1 53 0.995937705039978
1 54 0.9991790652275085
1 55 0.997133731842041
1 56 0.9991317391395569
1 56 0.934363603591919
1 57 0.9989296793937683
1 58 0.9986315369606018
1 58 0.9961995482444763
1 59 0.003912806510925293
1 60 0.9994474053382874
1 61 0.4841241240501404
1 62 0.996256947517395
1 63 0.6325278282165527
1 64 0.6252000331878662
1 65 0.9865272641181946
1 66 0.0008966326713562012
1 67 0.999272882938385
1 68 0.9996179342269897
1 69 0.9991834759712219
1 70 0.9973574280738831
1 70 0.9929198622703552
1 70 0.9830958247184753
1 70 0.5850490927696228
1 70 0.5850490927696228
1 71 0.9994409680366516
1 71 0.9994409680366516
1 71 0.9994409680366516
1 71 0.9994409680366516
1 71 0.9994409680366516
1 71 0.9994409680366516
1 71 0.9994409680366516
1 71 0.9994409680366516
1 71 0.9994409680366516
1 71 0.9994409680366516
1 71 0.9994409680366516
1 71 0.9994409680366516
1 71 0.9994409680366516
1 71 0.9994409680366516
1 71 0.9994409680366516
1 85 0.0035213828086853027
1 85 0.9993921518325806
1 85 0.9909804463386536
1 85 0.0076220035552978516
1 85 0.0076220035552978516
1 85 0.9961776733398438
1 85 0.0007808208465576172
1 308 0.0018414855003356934
1 308 0.2705193758010864
1 309 0.9952473044395447
1 309 0.981172502040863
1 310 0.9960814118385315
1 311 0.38126713037490845
1 78 0.982689619064331
1 78 0.9962596893310547
1 78 0.9924203753471375
1 312 0.9538120031356812
1 312 0.9949407577514648
1 312 0.9990405440330505
1 312 0.0008866190910339355
1 312 0.0008866190910339355
1 312 0.9925593137741089
1 313 0.998105525970459
1 314 0.9988802075386047
1 315 0.7834870219230652
1 316 0.9996840953826904
1 316 0.99363774061203
1 317 0.9989163875579834
1 318 0.9201359748840332
1 319 0.9964098334312439
1 320 0.9944992065429688
1 321 0.0010818243026733398
1 246 0.9994739890098572
1 246 0.09025764465332031
1 322 0.9861397743225098
1 323 0.9850277900695801
1 323 0.04958122968673706
1 323 0.00463414192199707
1 323 0.07243680953979492
1 323 0.00463414192199707
1 323 0.07243680953979492
1 324 0.41042107343673706
1 324 0.9903656244277954
1 325 0.9973330497741699
1 334 0.8957931399345398
1 330 0.9979240894317627
1 342 0.9991785883903503
1 342 0.9964054822921753
1 77 0.4116257429122925
1 100 0.018865346908569336
1 352 0.002200901508331299
1 352 0.063193678855896
1 146 0.990959644317627
1 146 0.9995104074478149
1 146 0.9986202716827393
1 357 0.9991281628608704
1 357 0.9967271089553833
1 358 0.9919873476028442
1 358 0.12218141555786133
1 358 0.12218141555786133
1 358 0.027162671089172363
1 358 0.9995083808898926
1 359 0.9985978007316589
1 207 0.0020388364791870117
1 360 0.9986818432807922
1 361 0.0016139745712280273
1 362 0.002844572067260742
1 331 0.9993894100189209
1 331 0.9948163628578186
1 331 0.9952527284622192
1 331 0.9984266757965088
1 331 0.9950680732727051
1 331 0.9950680732727051
1 331 0.9986255168914795
1 331 0.9979690909385681
1 331 0.9911946058273315
1 331 0.987537682056427
1 331 0.00047385692596435547
1 331 0.9988934397697449
1 331 0.9169505834579468
1 331 0.9993395209312439
1 363 0.011566579341888428
1 236 0.006813406944274902
1 364 0.995811939239502
1 364 0.04768282175064087
1 365 0.30423635244369507
1 365 0.9896894693374634
1 366 0.3035452365875244
1 366 0.9996167421340942
1 366 0.9996167421340942
1 366 0.999548614025116
1 367 0.5137283205986023
1 368 0.9861817359924316
1 369 0.9967184662818909
1 370 0.045085251331329346
1 371 0.9997116923332214
1 276 0.06733459234237671
1 276 0.9994818568229675
1 168 0.9949904084205627
1 168 0.9990456700325012
1 96 0.990723192691803
1 409 0.9929734468460083
1 93 0.004819750785827637
1 93 0.9982171654701233
1 93 0.999559223651886
1 93 0.9700904488563538
1 446 0.004935085773468018
1 447 0.99896240234375
1 447 0.004704535007476807
1 447 0.9989114999771118
1 447 0.99957674741745
1 448 0.04475414752960205
1 449 0.9990267753601074
1 449 0.5006048679351807
1 84 0.9993078708648682
1 84 0.9882593154907227
1 84 0.9929539561271667
1 157 0.005695164203643799
1 157 0.9292631149291992
1 450 0.9989109039306641
1 177 0.7848147749900818
1 394 0.9983559250831604
1 394 0.9967212080955505
1 451 0.9975267052650452
1 452 0.9901476502418518
1 453 0.9971837401390076
1 453 0.9996345043182373
1 453 0.9989833235740662
1 454 0.9985364675521851
1 455 0.9920440912246704
1 455 0.0030211210250854492
1 456 0.9939739108085632
1 457 0.9977731108665466
1 457 0.9973813891410828
1 457 0.06121331453323364
1 457 0.06121331453323364
1 260 0.9965593218803406
1 458 0.9974592328071594
1 458 0.9978569149971008
1 459 0.9964357614517212
1 459 0.9211989641189575
1 459 0.07865160703659058
1 460 0.9975653886795044
1 460 0.997506320476532
1 225 0.9992932081222534
1 461 0.9977161884307861
1 462 0.9907427430152893
1 462 0.9963384866714478
1 462 0.9993888139724731
1 463 0.9904751181602478
1 464 0.9973822236061096
1 465 0.4829597473144531
1 295 0.9996119141578674
1 466 0.9972811937332153
1 467 0.7039148807525635
1 468 0.9954602122306824
1 476 0.9950262904167175
1 482 0.9815921783447266
1 483 0.9863975644111633
1 483 0.99883633852005
1 401 0.9966758489608765
1 484 0.9998152852058411
1 80 0.9984866380691528
1 80 0.8936161398887634
1 80 0.9973336458206177
1 80 0.39943164587020874
1 80 0.9778594374656677
1 80 0.9778594374656677
1 80 0.981554388999939
1 485 0.0026168227195739746
1 486 0.8802936673164368
1 386 0.617621123790741
1 487 0.99783855676651
1 488 0.9996527433395386
1 489 0.9997770190238953
1 490 0.9834982752799988
1 490 0.9619796872138977
1 491 0.9887979626655579
1 419 0.9946256279945374
1 492 0.9988154172897339
1 493 0.9967771172523499
1 494 0.9921960830688477
1 328 0.987631618976593
1 376 0.015474975109100342
1 495 0.9961429238319397
1 496 0.9890701770782471
1 497 0.9987131357192993
1 498 0.9754979014396667
1 499 0.9939310550689697
1 500 0.006570637226104736
1 415 0.9952802658081055
1 415 0.06440097093582153
1 519 0.9773676991462708
1 519 0.99664705991745
1 519 0.9997511506080627
1 410 0.0004767179489135742
1 520 0.9985321760177612
1 387 0.9789186120033264
1 387 0.026299595832824707
1 111 0.026045382022857666
1 521 0.8974642157554626
1 522 0.9574811458587646
1 523 0.9997058510780334
1 523 0.9319663047790527
1 524 0.999426007270813
1 525 0.964642345905304
1 336 0.999101996421814
1 526 0.9777719974517822
1 213 0.99687659740448
1 527 0.998818576335907
1 527 0.9997223019599915
1 506 0.9987810254096985
1 528 0.993439257144928
1 529 0.9988852143287659
1 530 0.8997602462768555
1 531 0.9995028972625732
1 531 0.9986156225204468
1 532 0.9961054921150208
1 533 0.5317538380622864
1 534 0.02349334955215454
1 208 0.998304009437561
1 535 0.9955551028251648
1 536 0.994966447353363
1 536 0.9964125752449036
1 584 0.006222248077392578
1 584 0.9997093081474304
1 585 0.9991530179977417
1 586 0.9952044486999512
1 510 0.002514958381652832
1 510 0.9843527674674988
1 375 0.9199825525283813
1 587 0.9955418705940247
1 133 0.012882888317108154
1 133 0.9987278580665588
1 133 0.9987278580665588
1 588 0.9987473487854004
1 589 0.9980477094650269
1 135 0.9995805621147156
1 74 0.9803311228752136
1 511 0.9980979561805725
1 511 0.9971621632575989
1 137 0.9963226318359375
1 137 0.9947214126586914
1 590 0.9995667338371277
1 153 0.994587779045105
1 335 0.0024066567420959473
1 333 0.9943954944610596
1 333 0.9886077642440796
1 333 0.5040484666824341
1 333 0.12517404556274414
1 333 0.9907834529876709
1 333 0.9836719632148743
1 591 0.9934502840042114
1 592 0.9958112239837646
1 593 0.9986409544944763
1 594 0.9920313358306885
1 594 0.00109100341796875
1 594 0.00109100341796875
1 595 0.9077767729759216
1 596 0.9945144653320312
1 597 0.9992610812187195
1 597 0.9987406134605408
1 597 0.9987406134605408
1 600 0.010867536067962646
1 600 0.9995635151863098
1 188 0.9844142198562622
1 607 0.8813855648040771
1 601 0.00046503543853759766
1 601 0.007322549819946289
1 112 0.0004805326461791992
1 112 0.9990108013153076
1 640 0.9983301758766174
1 640 0.9997686743736267
1 569 0.9980524778366089
1 569 0.9967716336250305
1 569 0.9995651841163635
1 569 0.9981250166893005
1 569 0.8497461080551147
1 641 0.9906170964241028
1 642 0.9960993528366089
1 344 0.9974821209907532
1 643 0.9963966012001038
1 644 0.999009370803833
1 216 0.9862534403800964
1 645 0.9736854434013367
1 116 0.9879372715950012
1 395 0.8966735601425171
1 395 0.8966735601425171
1 656 0.0016238689422607422
1 656 0.0016238689422607422
1 657 0.9948318004608154
1 657 0.9948318004608154
1 658 0.9997648596763611
1 658 0.9997648596763611
1 659 0.9900200366973877
1 659 0.9900200366973877
1 421 0.9635063409805298
1 421 0.9635063409805298
1 355 0.9992826581001282
1 355 0.9992826581001282
1 565 0.971612274646759
1 565 0.971612274646759
1 660 0.9994463324546814
1 660 0.9994463324546814
1 630 0.3901970386505127
1 630 0.3901970386505127
1 630 0.98390793800354
1 630 0.9992489218711853
1 420 0.0039362311363220215
1 420 0.0039362311363220215
1 420 0.9987776875495911
1 661 0.9888606667518616
1 661 0.9888606667518616
1 662 0.0494731068611145
1 662 0.0494731068611145
1 663 0.9961534142494202
1 663 0.9961534142494202
1 143 0.9951781034469604
1 143 0.9951781034469604
1 403 0.9870237112045288
1 673 0.9985976815223694
1 673 0.9987164735794067
1 339 0.9995341300964355
1 674 0.012049317359924316
1 675 0.9969624876976013
1 676 0.9996556043624878
1 677 0.9991838335990906
1 677 0.9980177879333496
1 678 0.9969850182533264
1 678 0.9994558691978455
1 679 0.9992172718048096
1 680 0.7795436382293701
1 681 0.9802867770195007
1 682 0.9961782693862915
1 683 0.9972015619277954
1 684 0.9987195730209351
1 685 0.9897418022155762
1 184 0.03937220573425293
1 303 0.9997057318687439
1 709 0.9972044825553894
1 710 0.9456457495689392
1 711 0.9832165837287903
1 711 0.9964564442634583
1 711 0.9946251511573792
1 712 0.8769658207893372
1 713 0.9881088137626648
1 136 0.9908819198608398
1 307 0.0008854269981384277
1 714 0.01426541805267334
1 715 0.9984863996505737
1 715 0.9933157563209534
1 88 0.9975137710571289
1 716 0.9994403719902039
1 717 0.0031705498695373535
1 343 0.0001709461212158203
1 735 0.9989377856254578
1 599 0.9936700463294983
1 599 0.9988669157028198
1 736 0.9948775172233582
1 737 0.9965354204177856
1 252 0.9934971332550049
1 252 0.9905615448951721
1 738 0.9846091270446777
1 739 0.9959914088249207
1 175 0.9961073994636536
1 740 0.9987295269966125
1 170 0.9983812570571899
1 542 0.9976971745491028
1 752 0.998216450214386
1 753 0.00821918249130249
1 196 0.9986701011657715
1 196 0.23039138317108154
1 754 0.0032311677932739258
1 693 0.7867435812950134
1 755 0.0184289813041687
1 756 0.999582827091217
1 757 0.19067203998565674
1 758 0.006769657135009766
1 759 0.000583648681640625
1 760 0.008517980575561523
1 761 0.9545308351516724
1 762 0.9960734844207764
1 763 0.9948233366012573
1 764 0.00013506412506103516
1 765 0.8489986658096313
1 766 0.9995710253715515
1 767 0.9860808849334717
1 768 0.08984076976776123
1 791 0.999289870262146
1 87 0.9985626339912415
1 792 0.9947243332862854
1 232 0.9956772923469543
1 793 0.9975417852401733
1 794 0.997267484664917
1 652 0.9991581439971924
1 795 0.9928367733955383
1 796 0.9903178215026855
1 797 0.9957810640335083
1 798 0.9936671853065491
1 799 0.9989845156669617
2 80 0.992354154586792
2 81 0.9916936755180359
2 105 0.9996826648712158
3 82 0.9937877655029297
3 83 0.004584789276123047
3 83 0.9981358051300049
3 84 0.9809116125106812
3 85 0.9987426400184631
3 86 0.5776535272598267
3 87 0.9990884065628052
3 88 0.9849804639816284
3 4 0.9974038004875183
3 112 0.30013179779052734
3 80 0.9988059997558594
3 9 0.984384298324585
3 98 0.008249938488006592
3 31 0.9989604949951172
3 31 0.14630931615829468
3 204 0.7092044949531555
3 204 0.013739407062530518
3 204 0.99812251329422
3 204 0.9993197917938232
3 204 0.9969084858894348
3 493 0.9995036125183105
3 358 0.9881172776222229
3 733 0.7742313146591187
4 26 0.9968740940093994
4 89 0.9936704635620117
4 90 0.9981725215911865
4 91 0.9818983674049377
4 92 0.018665730953216553
4 31 0.9971447587013245
4 80 0.9991253018379211
4 80 0.000254213809967041
4 16 0.0003000497817993164
5 93 0.9990978240966797
5 94 0.10429680347442627
5 95 0.9995115995407104
6 96 0.9996341466903687
6 97 0.9992932081222534
6 25 0.9982794523239136
6 98 0.0004661083221435547
6 98 0.004345297813415527
6 185 0.9233679175376892
6 630 0.9133042097091675
8 80 0.002665102481842041
8 80 0.0011376142501831055
8 99 0.9864099621772766
8 31 0.0070375800132751465
8 114 0.019506394863128662
8 310 0.9974092841148376
8 337 0.9883174300193787
8 337 0.04332888126373291
8 600 0.0037087202072143555
8 601 0.7998108267784119
8 602 0.9990798234939575
8 599 0.974984884262085
8 75 0.9994577765464783
8 75 0.0007081031799316406
8 303 0.9975472092628479
8 710 0.9882733821868896
8 321 0.9951143264770508
8 207 0.7583516240119934
8 725 0.06398791074752808
8 726 0.9936370849609375
8 727 0.03347140550613403
8 728 0.9901992082595825
8 729 0.028663814067840576
8 791 0.9603815078735352
8 21 0.9937833547592163
8 78 0.9984772801399231
9 540 0.0016955137252807617
10 127 0.010057449340820312
10 185 0.3013741970062256
10 186 0.9654226899147034
10 42 0.00527036190032959
10 388 0.22100764513015747
10 774 0.9895720481872559
10 774 0.9781423211097717
10 791 0.0035120248794555664
10 21 0.8683199286460876
11 21 0.9960721731185913
11 21 0.9997957348823547
11 237 0.9781634211540222
11 722 0.9968782663345337
11 80 0.9979350566864014
13 100 0.9953382015228271
13 446 0.9995643496513367
14 28 0.6331346035003662
15 23 0.9993003606796265
15 23 0.005906164646148682
15 101 0.9997528195381165
15 101 0.0014317035675048828
15 21 0.9977676868438721
16 85 0.9959030747413635
16 628 0.9373649954795837
17 23 0.9956076741218567
18 28 0.9682734608650208
18 28 0.8898898363113403
18 92 0.997664213180542
18 92 0.9984139204025269
18 108 0.9985325336456299
18 108 0.013399183750152588
18 108 0.9995751976966858
18 75 0.9662249088287354
18 75 0.9992544054985046
18 187 0.9968816041946411
18 31 0.9361626505851746
18 211 0.06495881080627441
18 185 0.9989746809005737
18 185 0.9988061189651489
18 310 0.9985572695732117
18 313 0.9769312739372253
18 313 0.988623857498169
18 78 0.9952373504638672
18 78 0.999518871307373
18 78 0.008410155773162842
18 78 0.05277150869369507
18 78 0.9949833154678345
18 78 0.0009480118751525879
18 78 0.993098795413971
18 330 0.9997648596763611
18 347 0.001657724380493164
18 337 0.9991809725761414
18 337 0.994879961013794
18 351 0.9991413354873657
18 351 0.9946722388267517
18 193 0.9969438910484314
18 38 0.0380825400352478
18 38 0.983215868473053
18 38 0.9943444728851318
18 38 0.04484987258911133
18 38 0.999005138874054
18 38 0.9986128807067871
18 428 0.9943894743919373
18 403 0.0008404254913330078
18 403 0.8162190318107605
18 412 0.9989895224571228
18 87 0.1562017798423767
18 87 0.9931744933128357
18 87 0.14590662717819214
18 87 0.9979555606842041
18 439 0.9962359070777893
18 205 0.9978088736534119
18 448 0.9812646508216858
18 456 0.5928890705108643
18 456 0.999677300453186
18 456 0.9943875670433044
18 456 0.9994033575057983
18 260 0.0227738618850708
18 260 0.9777658581733704
18 33 0.9993606209754944
18 547 0.9950516819953918
18 587 0.9974775910377502
18 588 0.022218525409698486
18 135 0.9990203380584717
18 137 0.9922071099281311
18 431 0.9876964688301086
18 600 0.9963573813438416
18 613 0.34438276290893555
18 634 0.018964052200317383
18 634 0.982172429561615
18 483 0.9973188042640686
18 395 0.9992449283599854
18 650 0.9968101382255554
18 650 0.9994113445281982
18 668 0.9965817332267761
18 331 0.005656242370605469
18 331 0.9980670809745789
18 331 0.9867868423461914
18 331 0.9990549683570862
18 508 0.9986068606376648
18 711 0.9995748400688171
18 744 0.6586520075798035
18 745 0.998555600643158
18 750 0.9992349147796631
18 746 0.9997188448905945
18 746 0.9993778467178345
18 752 0.999637246131897
18 782 0.0007391571998596191
18 782 0.01073455810546875
18 312 0.9992056488990784
18 359 0.9881494045257568
19 28 0.9914953708648682
19 146 0.9986427426338196
20 102 0.992233395576477
21 96 0.8138399124145508
21 83 0.9955131411552429
21 83 0.996421217918396
21 127 0.10211068391799927
21 145 0.9982286095619202
21 211 0.9990652203559875
21 28 0.9188843965530396
21 28 0.9987461566925049
21 28 0.10290807485580444
21 28 0.982998788356781
21 185 0.01045316457748413
21 143 0.9992842078208923
21 629 0.98996502161026
21 381 0.9957291483879089
21 381 0.9971256852149963
21 429 0.9966057538986206
21 429 0.9986729621887207
21 429 0.9985784292221069
21 429 0.9968200922012329
21 331 0.9977366924285889
21 695 0.9762125611305237
21 695 0.9896893501281738
21 775 0.9990193843841553
21 774 0.9995983242988586
21 774 0.9973412156105042
21 784 0.9960464835166931
21 790 0.9993890523910522
21 420 0.0033465027809143066
21 333 0.9903647303581238
21 78 0.9995694756507874
22 28 0.9997536540031433
22 28 0.9947583079338074
22 28 0.0004501938819885254
22 664 0.06768566370010376
22 664 0.06768566370010376
22 664 0.00016868114471435547
22 232 0.994922935962677
23 89 0.19969052076339722
23 54 0.8585518002510071
23 28 0.9967175126075745
23 141 0.9746828675270081
23 231 0.9991884827613831
23 78 0.997776448726654
23 343 0.044272005558013916
23 374 0.07224762439727783
23 393 0.9985837936401367
23 96 0.9253746271133423
23 187 0.9778382182121277
23 434 0.9680955410003662
23 434 0.6886813640594482
23 483 0.996258020401001
23 487 0.9923650622367859
23 80 0.0024143457412719727
23 519 0.9823154807090759
23 519 0.00018066167831420898
23 58 0.044062793254852295
23 58 0.9951611161231995
23 536 0.9994827508926392
23 530 0.13835221529006958
23 554 0.9994200468063354
23 26 0.9936931133270264
23 303 0.9996572732925415
23 321 0.9921031594276428
23 36 0.9983689188957214
23 196 0.9899052977561951
23 783 0.9952772855758667
25 28 0.9944480657577515
25 28 0.06060326099395752
26 174 0.32706278562545776
26 202 0.9312966465950012
26 31 0.9994801878929138
26 87 0.0019355416297912598
27 127 0.01463329792022705
28 73 0.9739491939544678
28 97 0.0002619624137878418
28 97 0.16749370098114014
28 104 0.9684748649597168
28 117 0.9876731038093567
28 117 0.9995530247688293
28 118 0.9575088620185852
28 120 0.00014495849609375
28 123 0.9906850457191467
28 123 0.9809496998786926
28 204 0.9992031455039978
28 204 0.9952484965324402
28 204 0.9996222257614136
28 204 0.9991517066955566
28 204 0.9957529306411743
28 204 0.10412091016769409
28 204 0.06556814908981323
28 204 0.9997853636741638
28 31 0.9971281886100769
28 31 0.9386957883834839
28 165 0.9833993911743164
28 317 0.9553142786026001
28 317 0.5128348469734192
28 38 0.9997044205665588
28 521 0.4011090397834778
28 170 0.0018907785415649414
28 631 0.9815661907196045
31 122 0.9981415271759033
31 122 0.9982677698135376
31 111 0.0004208683967590332
31 111 0.0003179311752319336
31 112 0.9244176745414734
31 174 0.9980555772781372
31 173 0.9161801934242249
31 204 0.9961334466934204
31 204 0.9951175451278687
31 336 0.41328126192092896
31 350 0.999683141708374
31 350 0.9866018891334534
31 84 0.020481884479522705
31 631 0.9725028276443481
32 223 0.994090735912323
32 223 0.016869962215423584
32 287 0.9995230436325073
32 288 0.9935773015022278
32 289 0.9870049357414246
32 289 0.9996713399887085
32 289 0.9985944628715515
32 188 0.019548356533050537
32 599 0.9993822574615479
32 692 0.9993276596069336
32 776 0.0035625696182250977
33 36 0.9770652055740356
33 146 0.4412270188331604
33 146 0.6200690865516663
33 447 0.9993526339530945
33 331 0.8844990730285645
33 429 0.5960673093795776
33 696 0.9996083378791809
33 700 0.9933401942253113
36 54 0.9994577765464783
36 83 0.9990092515945435
36 96 0.9986748695373535
36 415 0.018430471420288086
36 78 0.004929542541503906
36 549 0.04028630256652832
36 146 0.9866828918457031
36 735 0.02804267406463623
36 53 0.0001480579376220703
37 249 0.9953806400299072
37 249 0.9851024150848389
37 560 0.9976499676704407
37 563 0.9914382696151733
37 564 0.9925519227981567
37 561 0.9769284129142761
38 127 0.7711281180381775
38 191 0.9996640682220459
38 191 0.9971229434013367
38 183 0.9844292402267456
38 80 0.9987610578536987
38 80 0.9384580254554749
38 80 0.568015456199646
38 80 0.9844607710838318
38 80 0.0007089376449584961
38 80 0.20326489210128784
38 410 0.9933056235313416
38 412 0.6494250893592834
38 412 0.36361658573150635
38 412 0.608186662197113
38 412 0.9994101524353027
38 432 0.012364804744720459
38 432 0.007851600646972656
38 432 0.9964229464530945
38 432 0.9972694516181946
38 432 0.0006823539733886719
38 87 0.9925504922866821
38 187 0.9916309714317322
38 187 0.9819062948226929
38 433 0.9003598690032959
38 433 0.005695164203643799
38 433 0.9838400483131409
38 434 0.9882494211196899
38 434 0.9894408583641052
38 72 0.9540720582008362
38 72 0.9944825172424316
38 84 0.01826310157775879
38 84 0.9982627034187317
38 435 0.9601691365242004
38 205 0.9861878156661987
38 205 0.9997268319129944
38 205 0.9938598871231079
38 205 0.9983762502670288
38 205 0.9985139966011047
38 403 0.9953757524490356
38 403 0.5931454300880432
38 275 0.9989990592002869
38 78 0.03431880474090576
38 78 0.3994574546813965
38 329 0.0008165240287780762
38 329 0.0004630088806152344
38 223 0.5226314663887024
38 482 0.9923607707023621
38 510 0.5043463706970215
38 510 0.0007572174072265625
38 394 0.9133495688438416
38 394 0.08016616106033325
38 517 0.9964565634727478
38 614 0.9994902610778809
38 631 0.9954938888549805
38 111 0.9838867783546448
38 111 0.9957191348075867
38 111 0.9992358684539795
38 143 0.049426257610321045
38 441 0.9997183680534363
38 441 0.2535198926925659
38 635 0.009304285049438477
38 132 0.9983684420585632
38 132 0.9984136819839478
38 639 0.15691828727722168
38 483 0.996988832950592
38 344 0.9969329833984375
38 232 0.9989578723907471
38 323 0.881142795085907
42 141 0.9966369867324829
42 173 0.9881380200386047
42 173 0.4754895567893982
42 190 0.9936363697052002
42 304 0.9994838237762451
43 469 0.9930136799812317
43 296 0.939647376537323
46 190 0.9905436635017395
47 769 0.011851966381072998
47 275 0.9997175335884094
47 297 0.9979554414749146
52 103 0.005552172660827637
53 96 0.9987837672233582
54 104 0.9982739686965942
54 104 0.9989818930625916
56 78 0.9309899806976318
56 800 0.9780242443084717
57 614 0.9865131974220276
57 403 0.9796398282051086
58 146 0.9995525479316711
58 146 0.998711109161377
58 78 0.940879225730896
58 78 0.0003533363342285156
59 755 0.9954010248184204
62 127 0.0010753273963928223
62 191 0.00021713972091674805
65 383 0.9989286065101624
70 99 0.007908821105957031
70 99 0.9997602105140686
70 99 0.9979050159454346
70 185 0.9991282820701599
70 185 0.9970574378967285
70 83 0.99796462059021
70 96 0.009156942367553711
70 296 0.9990118741989136
70 614 0.1301618218421936
70 616 0.9994478821754456
70 634 0.004824280738830566
70 671 0.01961994171142578
71 127 0.9994409680366516
71 185 0.9994409680366516
71 185 0.9994409680366516
71 560 0.9994409680366516
71 696 0.9994409680366516
72 106 0.9996019005775452
72 411 0.9996393918991089
72 185 0.9976992011070251
74 107 0.9981290698051453
74 561 0.9974262118339539
74 561 0.9997223019599915
75 84 0.9989163875579834
75 587 0.9961316585540771
75 133 0.9552615284919739
76 78 0.9959819316864014
77 310 0.9764017462730408
77 336 0.9638495445251465
77 100 0.9663687944412231
77 333 0.985213577747345
78 83 0.9656901955604553
78 185 0.0041468143463134766
78 310 0.9965278506278992
78 100 0.04549771547317505
78 100 0.730749249458313
78 315 0.9832581877708435
78 313 0.9833886623382568
78 313 0.9667717814445496
78 335 0.0006467700004577637
78 308 0.5981788039207458
78 380 0.9735626578330994
78 380 0.9996775388717651
78 382 0.006778240203857422
78 382 0.9890563488006592
78 382 0.9111682772636414
78 133 0.9953509569168091
78 437 0.029238104820251465
78 437 0.9976020455360413
78 187 0.019198596477508545
78 438 0.9927011728286743
78 444 0.00022226572036743164
78 445 0.00015664100646972656
78 434 0.9966374635696411
78 434 0.0043985843658447266
78 482 0.9997637867927551
78 482 0.9886471629142761
78 509 0.9957481026649475
78 289 0.9756072759628296
78 84 0.9984036087989807
78 80 0.9600273966789246
78 312 0.9987743496894836
78 111 0.6265691518783569
78 449 0.993501603603363
78 537 0.9898892045021057
78 521 0.004602015018463135
78 718 0.9978085160255432
80 108 0.9899044632911682
80 109 0.0005373358726501465
80 110 0.9969382286071777
80 110 0.9988521337509155
80 110 0.9972944855690002
80 114 0.022305071353912354
80 86 0.9851431250572205
80 129 0.9636174440383911
80 130 0.9752686023712158
80 132 0.9988971948623657
80 140 0.9962592124938965
80 146 0.00020843744277954102
80 146 0.794273316860199
80 201 0.8751254677772522
80 205 0.9988890290260315
80 311 0.9871224164962769
80 315 0.9906796813011169
80 315 0.7942980527877808
80 319 0.8844466209411621
80 338 0.013480186462402344
80 411 0.9911633729934692
80 185 0.9874326586723328
80 185 0.9834520220756531
80 628 0.0007107257843017578
80 395 0.6715348958969116
80 135 0.9996129870414734
80 135 0.03781026601791382
80 673 0.9843734502792358
80 687 0.9895461201667786
80 690 0.9985215067863464
80 701 0.9241325259208679
80 710 0.9958884119987488
80 373 0.989513635635376
80 732 0.9988877177238464
80 420 0.9931921362876892
80 116 0.9944321513175964
80 458 0.9986971020698547
80 458 0.17679983377456665
80 333 0.9756590127944946
81 232 0.9918515086174011
81 678 0.9936081171035767
82 83 0.997127115726471
83 111 0.011049449443817139
83 111 0.045126259326934814
83 111 0.9978972673416138
83 111 0.03670722246170044
83 120 0.9819598197937012
83 123 0.0037282705307006836
83 87 0.9995742440223694
84 132 0.08182084560394287
84 185 0.018018901348114014
84 146 0.9985263347625732
84 484 0.0031403303146362305
84 303 0.9950811862945557
85 185 0.979326605796814
85 249 0.9990386962890625
85 249 0.00116044282913208
85 93 0.993067741394043
85 87 0.9990649819374084
85 539 0.9990102052688599
85 665 0.99504154920578
85 696 0.9971713423728943
85 736 0.9779658913612366
86 560 0.9990159273147583
86 566 0.9957399368286133
86 561 0.01067495346069336
86 561 0.6696391701698303
86 580 0.9994650483131409
87 199 0.00036156177520751953
87 219 0.9749232530593872
87 205 0.9997465014457703
87 205 0.9920584559440613
87 429 0.9958640336990356
87 93 0.9979479908943176
87 451 0.9964454770088196
87 452 0.9992782473564148
87 520 0.9967020153999329
87 560 0.9976776242256165
87 567 0.9986532926559448
87 614 0.9891998767852783
87 185 0.9983888864517212
87 632 0.9947572946548462
87 96 0.9882572293281555
87 482 0.9716982841491699
87 312 0.9902819395065308
87 395 0.940802276134491
87 654 0.9995124340057373
87 673 0.9994163513183594
87 449 0.9965567588806152
87 748 0.001987934112548828
87 769 0.999782383441925
87 116 0.7345956563949585
87 802 0.9931011199951172
87 333 0.9905607104301453
87 420 0.9978380799293518
89 185 0.0021395087242126465
89 449 0.9547974467277527
92 116 0.9886003136634827
92 109 0.9580438733100891
92 109 0.9537578225135803
92 127 0.9996680021286011
93 113 0.9993396401405334
93 100 0.003589808940887451
93 257 0.9994897842407227
93 469 0.7941451072692871
93 469 0.9979066848754883
93 185 0.026960134506225586
96 99 0.9995255470275879
96 252 0.2539818286895752
96 384 0.01025158166885376
96 408 0.9684199690818787
96 297 0.01859605312347412
96 331 0.9995724558830261
96 561 0.9979667663574219
96 561 0.8859694600105286
100 152 0.0345035195350647
100 339 0.9965500831604004
100 339 0.9976586103439331
100 319 0.9987614154815674
101 430 0.9982434511184692
101 441 0.006136894226074219
101 136 0.9991076588630676
101 701 0.999292254447937
101 403 0.998252809047699
101 708 0.9992407560348511
101 708 0.9997135996818542
101 700 0.99709153175354
101 700 0.9982842803001404
101 700 0.9996465444564819
101 700 0.996803879737854
101 700 0.9969610571861267
102 204 0.020663142204284668
103 228 0.9774065017700195
105 115 0.9982228875160217
108 119 0.9983742237091064
111 121 0.03325474262237549
111 121 0.9413692355155945
111 121 0.9989676475524902
111 114 0.7891788482666016
111 114 0.002283453941345215
111 123 0.9879541397094727
111 125 0.9517763257026672
111 137 0.05613011121749878
111 519 0.9793623685836792
111 521 0.015320241451263428
111 548 0.979736864566803
111 549 0.9980796575546265
111 550 0.19055408239364624
111 553 0.9473453164100647
112 127 0.9975710511207581
112 561 0.9991698265075684
112 561 0.999235987663269
112 647 0.9987623691558838
112 524 0.9952155351638794
113 712 0.9989234805107117
113 733 0.042206764221191406
113 734 0.9970135688781738
116 502 0.9919683337211609
116 509 0.9987537860870361
116 517 0.4278072714805603
116 517 0.996297299861908
116 517 0.9987581968307495
116 585 0.9942160248756409
116 599 0.9982479810714722
116 608 0.9978320002555847
116 608 0.9965031147003174
116 136 0.9995276927947998
116 184 0.9854750633239746
122 124 0.9913316965103149
122 225 0.9494296908378601
122 225 0.0577317476272583
123 413 0.9950364232063293
125 126 0.00012302398681640625
127 128 0.9911519885063171
127 129 0.998904824256897
127 130 0.015063107013702393
127 131 0.9982342720031738
127 132 0.022993147373199463
127 133 0.998141884803772
127 134 0.1673886775970459
127 135 0.9869138598442078
127 136 0.9836365580558777
127 137 0.9890028238296509
127 138 0.9989253878593445
127 139 0.9994210004806519
127 140 0.11545634269714355
127 141 0.9983079433441162
127 142 0.9744890332221985
127 143 0.9995676875114441
127 144 0.9965840578079224
127 145 0.9996498823165894
127 146 0.0019064545631408691
127 147 0.4338981509208679
127 148 0.9944483041763306
127 149 0.9899809956550598
127 150 0.9979599714279175
127 151 0.9899482727050781
127 152 0.9667676687240601
127 153 0.0010039210319519043
127 154 0.989441990852356
127 155 0.012627184391021729
127 156 0.9872273206710815
127 157 0.9952084422111511
127 158 0.008112728595733643
127 159 0.9869334697723389
127 160 0.9777427911758423
127 161 0.9921269416809082
127 162 0.9934292435646057
127 163 0.9991325736045837
127 164 0.9768475294113159
127 165 0.9997062087059021
127 166 0.9774632453918457
127 167 0.9979217648506165
127 168 0.991856575012207
127 169 0.9973994493484497
127 170 0.9958119988441467
127 171 0.9870221018791199
127 172 0.9860852956771851
127 183 0.9986217021942139
127 184 0.998831570148468
128 173 0.9902626276016235
129 174 0.97491055727005
129 175 0.9990611672401428
129 176 0.955901563167572
129 177 0.9990769624710083
129 178 0.9939476251602173
129 179 0.0018423199653625488
129 180 0.00036716461181640625
129 181 0.9778158664703369
129 168 0.9976769089698792
129 182 0.8432391285896301
130 187 0.9990246295928955
130 483 0.9961572289466858
130 289 0.9960481524467468
130 209 0.9529913067817688
131 188 0.9962235689163208
131 140 0.003323078155517578
132 189 0.9682839512825012
133 190 0.9769998788833618
133 185 0.8657646775245667
133 257 0.6400934457778931
133 257 0.9955001473426819
133 258 0.9893864393234253
133 258 0.02201521396636963
133 411 0.9966457486152649
133 469 0.9344519376754761
133 669 0.9960629343986511
133 564 0.050096213817596436
133 670 0.003421604633331299
133 395 0.9924231171607971
136 185 0.00018650293350219727
136 256 0.4319584369659424
136 483 0.9997381567955017
136 358 0.8791322708129883
136 651 0.9995291233062744
136 652 0.9994713664054871
136 653 0.999760091304779
136 653 0.001414179801940918
136 168 0.9997299313545227
136 485 0.03509265184402466
136 373 0.8809044361114502
142 285 0.917147696018219
143 185 0.9997010827064514
143 633 0.9985300302505493
143 482 0.9985570311546326
143 669 0.06739568710327148
145 192 0.012447118759155273
145 192 0.9966886639595032
145 169 0.9995962977409363
146 193 0.9975584745407104
146 193 0.9996310472488403
146 372 0.9971182346343994
146 373 0.9983514547348022
146 373 0.9988376498222351
146 374 0.9782640337944031
146 375 0.008882999420166016
146 376 0.9993823766708374
146 377 0.9931917786598206
146 378 0.998429000377655
146 379 0.9951967597007751
146 380 0.31218570470809937
146 380 0.9995170831680298
146 380 0.9982531666755676
146 381 0.002519071102142334
146 381 0.0011924505233764648
146 382 0.9919988512992859
146 382 0.985697865486145
146 382 0.02899324893951416
146 382 0.9982948899269104
146 382 0.9976728558540344
146 404 0.026243209838867188
146 331 0.9992007613182068
146 223 0.9904003739356995
146 572 0.049545466899871826
148 483 0.999629020690918
148 185 0.9934023022651672
156 194 0.9461647868156433
156 194 0.9922838807106018
156 194 0.22794246673583984
156 210 0.00013768672943115234
157 475 0.9802523851394653
159 192 0.9997368454933167
159 560 0.9629316329956055
159 565 0.9990118741989136
161 185 0.9989312291145325
165 185 0.9947177767753601
167 284 0.13039898872375488
167 284 0.9995567202568054
167 599 0.998216450214386
168 382 0.9818768501281738
170 185 0.9982073307037354
172 192 0.9979516863822937
172 193 0.001196742057800293
174 194 0.9908802509307861
174 188 0.9597187638282776
174 195 0.9992896318435669
174 196 0.9855484366416931
174 197 0.9956672191619873
175 198 0.9993734955787659
175 596 0.9891256093978882
176 199 0.9875818490982056
176 200 0.44964510202407837
183 201 0.03649485111236572
183 207 0.9691354632377625
184 193 0.9980539083480835
184 400 0.967930793762207
184 382 0.9143545031547546
184 430 0.9814918637275696
184 439 0.9996935129165649
184 586 0.9898676872253418
184 709 0.00583040714263916
184 420 0.9634103178977966
185 199 0.003159046173095703
185 219 0.9996875524520874
185 220 0.9997735619544983
185 221 0.999187171459198
185 222 0.9975772500038147
185 223 0.998925507068634
185 224 0.9976221919059753
185 225 0.9618125557899475
185 226 0.9412539601325989
185 227 0.8476772308349609
185 228 0.0030879974365234375
185 229 0.8470282554626465
185 230 0.045282721519470215
185 231 0.9899978041648865
185 232 0.9995883107185364
185 232 0.8419329524040222
185 233 0.9929627776145935
185 234 0.9987353682518005
185 235 0.9256353378295898
185 236 0.9872071146965027
185 237 0.9950302839279175
185 238 0.9986326098442078
185 239 0.9989681243896484
185 240 0.003689706325531006
185 241 0.9980862140655518
185 242 0.9935641884803772
185 243 0.054101645946502686
185 244 0.9984090924263
185 245 0.0019278526306152344
185 246 0.9959617257118225
185 247 0.9996324777603149
185 248 0.9992682337760925
185 249 0.9967429041862488
185 250 0.999704897403717
185 251 0.9969526529312134
185 297 0.01339954137802124
185 299 0.03300881385803223
185 614 0.008403003215789795
185 615 0.9962000250816345
185 616 0.998939573764801
185 617 0.9622454047203064
185 618 0.998792290687561
185 191 0.9814861416816711
185 619 0.9994447827339172
185 620 0.999423623085022
185 621 0.0020508170127868652
185 622 0.9896920323371887
185 623 0.9511979222297668
185 625 0.9996125102043152
187 403 0.055741965770721436
187 403 0.9610517024993896
188 266 0.999691367149353
193 389 0.9914805889129639
193 390 0.999619722366333
193 391 0.9911472201347351
193 519 0.9625386595726013
193 519 0.9954681396484375
194 203 0.9920364022254944
194 204 0.9888961315155029
195 201 0.9930374026298523
195 203 0.010988831520080566
195 206 0.984369158744812
195 441 0.9977253079414368
195 624 0.9873911738395691
196 482 0.034780681133270264
196 359 0.99714595079422
196 333 0.9995136260986328
201 205 0.9845144748687744
201 205 0.012163102626800537
201 206 0.8322141766548157
201 207 0.06408095359802246
201 208 0.0009657144546508789
201 209 0.9979786276817322
202 204 0.9977924823760986
202 204 0.9675691723823547
202 204 0.9972168207168579
202 360 0.9981836676597595
202 360 0.9990423321723938
202 331 0.9883332848548889
204 211 0.9910513162612915
204 211 0.9578464031219482
204 211 0.9811112284660339
204 211 0.005572319030761719
204 212 0.9941614270210266
204 212 0.9992994070053101
204 212 0.9990215301513672
204 212 0.9835665822029114
204 213 0.09329009056091309
204 213 0.9997542500495911
204 213 0.997708797454834
204 214 0.9913604855537415
204 215 0.1130448579788208
204 216 0.46265751123428345
204 216 0.7240439057350159
204 217 0.7338874340057373
204 217 0.9722661972045898
204 218 0.999543309211731
204 218 0.9997265934944153
205 308 0.9988003969192505
205 332 0.9930527806282043
205 332 0.04760158061981201
205 333 0.9899847507476807
205 333 0.0012660622596740723
205 446 0.9992688298225403
206 308 0.9986680746078491
206 323 0.9986180067062378
206 345 0.9895511269569397
206 345 0.9864472150802612
206 345 0.8963327407836914
206 351 0.0014442801475524902
207 700 0.9996979236602783
207 707 0.9985449314117432
209 394 0.7948415279388428
209 696 0.9992223978042603
212 260 0.9885409474372864
212 482 0.9991471767425537
212 482 0.9947447776794434
219 252 0.99895179271698
219 252 0.9967935681343079
219 253 0.976173460483551
219 254 0.9992485642433167
219 255 0.9242647290229797
219 256 0.9860624670982361
219 293 0.9912096261978149
219 294 0.9991294741630554
219 295 0.9964548349380493
220 259 0.9985775947570801
220 260 0.8822326064109802
220 261 0.9918295741081238
220 249 0.999729335308075
220 249 0.7279875874519348
220 290 0.0059400200843811035
220 264 0.9929867386817932
220 291 0.9859516620635986
221 262 0.9969371557235718
221 263 0.996509850025177
221 263 0.997366726398468
222 264 0.9995255470275879
222 226 0.03710901737213135
222 265 0.15757614374160767
222 266 0.9994878768920898
223 267 0.0076784491539001465
224 268 0.0006014108657836914
224 269 0.06582045555114746
225 235 0.9972811937332153
226 285 0.9182100296020508
226 285 0.9917184114456177
226 285 0.9949053525924683
226 285 0.9990383386611938
226 285 0.9979654550552368
226 285 0.0023424625396728516
228 258 0.9611580967903137
229 270 0.9903056621551514
229 270 0.0019239187240600586
230 710 0.008401036262512207
230 256 0.9928353428840637
230 296 0.06351608037948608
232 264 0.0006077289581298828
232 395 0.9990454316139221
232 395 0.33867162466049194
234 269 0.9978564381599426
236 269 0.009168803691864014
240 241 0.9788854718208313
240 241 0.0007312893867492676
240 241 0.00018268823623657227
241 268 0.00019532442092895508
241 246 0.9185376763343811
241 246 0.9997462630271912
246 301 0.00038170814514160156
249 271 0.9997937083244324
249 271 0.9949861764907837
249 272 0.9868513941764832
249 273 0.9965147376060486
249 302 0.997928261756897
249 304 0.5188075304031372
250 274 0.9990859031677246
250 274 0.999017596244812
251 274 0.9987309575080872
251 274 0.9969370365142822
252 275 0.9984405636787415
252 276 0.9994325041770935
252 277 0.9882028698921204
252 278 0.9960272312164307
252 279 0.9494562149047852
252 630 0.3063444495201111
252 323 0.00047409534454345703
252 323 0.9953165054321289
252 323 0.019903481006622314
252 515 0.002314925193786621
253 280 0.998141884803772
256 401 0.07379335165023804
257 268 0.9977074861526489
257 281 0.9982989430427551
258 264 0.9472302794456482
258 267 0.6790192127227783
258 300 0.9997478127479553
260 282 0.9932159781455994
260 283 0.9959612488746643
260 283 0.9779253005981445
260 283 0.02098900079727173
260 429 0.9982110261917114
260 560 0.37085139751434326
261 358 0.9937880635261536
262 284 0.998480498790741
262 284 0.9974103569984436
264 302 0.9970048069953918
264 303 0.010803043842315674
264 303 0.8778038024902344
265 286 0.9980332255363464
269 300 0.9990177154541016
273 292 0.9963646531105042
274 561 0.9970095157623291
275 432 0.9979941844940186
275 297 0.04098707437515259
277 296 0.5327208638191223
277 296 0.004484713077545166
277 483 0.9983106851577759
278 297 0.8906095027923584
280 298 0.9560888409614563
281 411 0.9952259063720703
281 427 0.04979449510574341
281 427 0.00017517805099487305
281 428 0.10166186094284058
281 429 0.9510034322738647
283 395 0.0017597675323486328
283 612 0.9927616715431213
287 299 0.9963889122009277
288 299 0.9995393753051758
292 651 0.36491304636001587
292 648 0.999754011631012
295 447 0.01052623987197876
295 480 0.9974197149276733
295 480 0.9292261004447937
295 480 0.9799537658691406
295 480 0.978078305721283
295 480 0.41572052240371704
295 480 0.4233436584472656
295 480 0.9585863351821899
296 480 0.9987333416938782
296 480 0.9987333416938782
296 625 0.760787308216095
297 446 0.9995678067207336
297 477 0.06257116794586182
297 478 0.00019377470016479492
297 769 0.9994431138038635
299 312 0.5798237919807434
299 304 0.9996435642242432
300 301 0.9992358684539795
300 305 0.9996902942657471
302 306 0.981663167476654
303 307 0.9888033270835876
303 718 0.9979839324951172
303 719 0.9997410178184509
304 313 0.9993689656257629
304 344 0.9995118379592896
304 449 0.0005677342414855957
304 449 0.9843340516090393
304 449 0.9915145635604858
304 449 0.012857198715209961
304 710 0.008405625820159912
309 326 0.9795262813568115
309 327 0.0012729763984680176
309 401 0.995515763759613
312 323 0.00022464990615844727
312 539 0.0006244778633117676
312 339 0.9939658045768738
312 339 0.9837820529937744
312 394 0.012699902057647705
312 801 0.1390487551689148
312 801 0.5270186066627502
312 801 0.9990968704223633
313 328 0.9989385008811951
313 329 0.0409964919090271
314 330 0.7804054617881775
314 485 0.9972301125526428
314 485 0.9991368651390076
314 512 0.9869353771209717
314 512 0.9968177080154419
314 493 0.9886884093284607
315 340 0.0037159323692321777
319 331 0.9884554147720337
319 331 0.9461346864700317
321 395 0.9917416572570801
321 732 0.0051517486572265625
321 733 0.7889021635055542
321 333 0.9996922016143799
323 331 0.9946478009223938
323 331 0.9964190721511841
323 337 0.989132821559906
323 630 0.00015997886657714844
323 665 0.4235880970954895
323 669 0.0009672641754150391
329 584 0.9989540576934814
330 341 0.9939077496528625
331 451 0.9863184690475464
331 451 0.9952602982521057
331 451 0.001125633716583252
331 420 0.9938066005706787
332 345 0.997825026512146
332 346 0.9968256950378418
333 345 0.9885711073875427
333 353 0.004971921443939209
333 483 0.0009672641754150391
333 791 0.9932416677474976
333 792 0.9992349147796631
333 804 0.06932556629180908
333 804 0.0009672641754150391
336 483 0.9977486729621887
339 348 0.03614228963851929
339 348 0.9950329065322876
339 348 0.0001418590545654297
339 354 0.9988309741020203
339 355 0.9975357055664062
339 356 0.014175891876220703
339 691 0.9949640035629272
341 349 0.9980687499046326
343 449 0.9942635893821716
344 383 0.9775447845458984
344 640 0.9981038570404053
344 358 0.9996030926704407
344 787 0.9948703050613403
349 354 0.9993333220481873
355 696 0.004299461841583252
357 383 0.9969657063484192
357 384 0.0038950443267822266
357 385 0.9993507266044617
357 385 0.9532577395439148
358 386 0.9086739420890808
358 387 0.9961978793144226
358 655 0.9985062479972839
358 647 0.0011987686157226562
358 508 0.010494768619537354
358 693 0.9972635507583618
359 614 0.9983970522880554
361 371 0.9997087121009827
363 389 0.9983023405075073
364 519 0.020739734172821045
372 386 0.9988945126533508
372 392 0.004402339458465576
372 393 0.9996107220649719
372 382 0.9987500905990601
381 561 0.9337340593338013
382 394 0.9981180429458618
382 406 0.19526952505111694
382 406 0.974665105342865
382 407 0.01262122392654419
383 395 0.9997455477714539
383 396 0.9995736479759216
383 560 0.9965080618858337
383 562 0.0858147144317627
383 561 0.3398786783218384
383 561 0.7798643112182617
383 561 0.9770002365112305
385 397 0.9856675267219543
385 398 0.9857407212257385
385 399 0.9992558360099792
386 561 0.9913195967674255
386 561 0.9977249503135681
386 561 0.9989938139915466
386 561 0.9916558265686035
386 561 0.9993865489959717
386 583 0.998034656047821
389 401 0.7691746354103088
389 401 0.0001704692840576172
391 774 0.9813422560691833
393 402 0.9983648657798767
393 403 0.9964928030967712
393 401 0.0012107491493225098
395 586 0.998416543006897
395 600 0.9684866070747375
395 600 0.0012139678001403809
395 600 0.0009799003601074219
395 609 0.9961206316947937
395 610 0.9996851682662964
395 632 0.985939621925354
395 666 0.0014098286628723145
395 666 0.0005147457122802734
395 630 0.9941619038581848
395 630 0.9910334944725037
395 720 0.992249608039856
400 405 0.987125813961029
401 502 0.9981119632720947
401 460 0.9945472478866577
401 519 0.9977263808250427
401 519 0.9117981791496277
403 442 0.9983783960342407
403 442 0.038623273372650146
403 561 0.9988808035850525
403 561 0.9995237588882446
410 411 0.9981354475021362
410 423 0.002071857452392578
410 424 0.9982442855834961
410 521 0.00015056133270263672
410 546 0.021822810173034668
410 441 0.9978809952735901
410 778 0.9952133893966675
411 412 0.9933335185050964
411 413 0.9976296424865723
411 414 0.9988049268722534
411 415 0.997863233089447
411 416 0.4544519782066345
411 417 0.9996726512908936
411 418 0.9990830421447754
411 419 0.9991982579231262
411 420 0.9945882558822632
411 421 0.9869194626808167
411 422 0.9980238676071167
413 425 0.9800053834915161
413 426 0.997548520565033
413 496 0.995501697063446
415 430 0.9988479614257812
415 431 0.06605148315429688
415 438 0.9581272602081299
415 443 0.999470055103302
415 537 0.9747430086135864
415 538 0.9965640902519226
419 503 0.7135491371154785
419 503 0.9983047246932983
419 503 0.00013625621795654297
419 503 0.0002461075782775879
419 504 0.9461210370063782
420 453 0.026273608207702637
420 508 0.9926331639289856
423 424 0.5023744702339172
423 424 0.9870349764823914
423 424 0.9870795607566833
425 436 0.5082314610481262
430 438 0.9987672567367554
434 439 0.0013793706893920898
434 439 0.9982101917266846
436 440 0.9962628483772278
439 443 0.8397727012634277
441 482 0.9839990735054016
441 561 0.9992235898971558
441 561 0.9994540810585022
441 561 0.9954639077186584
441 636 0.9931817650794983
441 637 0.030618667602539062
446 470 0.9993502497673035
446 471 0.9947147965431213
446 472 0.9893630146980286
446 473 0.988303005695343
447 474 0.994067907333374
449 551 0.9996411800384521
449 623 0.010714948177337646
449 623 0.9962434768676758
456 476 0.9981755018234253
457 667 0.0007605552673339844
458 709 0.9907276630401611
458 796 0.500732421875
470 479 0.9995623230934143
475 479 0.9991746544837952
479 481 0.9954219460487366
483 501 0.9918617010116577
483 646 0.14590364694595337
485 493 0.9834681749343872
493 505 0.9924466609954834
493 508 0.9959802627563477
493 508 0.9981030225753784
493 511 0.005136072635650635
495 506 0.9972558617591858
496 507 0.8576124310493469
496 507 0.9951967597007751
496 507 0.007502555847167969
500 508 0.978305995464325
502 511 0.15018385648727417
502 511 0.9993377327919006
508 512 0.9936987161636353
508 518 0.9974702596664429
508 518 0.927569568157196
510 513 0.06542080640792847
510 514 0.973730206489563
510 604 0.985996663570404
510 605 0.007491648197174072
512 515 0.011696577072143555
512 516 0.904563307762146
515 519 0.9957097768783569
515 519 0.9965596795082092
515 599 0.004132270812988281
515 636 0.9985098242759705
519 540 0.9981264472007751
519 540 0.9956532716751099
519 541 0.9937858581542969
519 541 0.00022524595260620117
519 542 0.998205304145813
519 542 0.9994762539863586
519 542 0.0007279515266418457
519 543 0.9990637898445129
519 544 0.9952816367149353
519 544 0.0025225281715393066
519 544 0.0031404495239257812
519 545 0.9985820055007935
519 556 0.6462231278419495
519 558 0.9987805485725403
519 558 0.20137757062911987
521 554 0.926401674747467
529 652 0.9990922212600708
530 557 0.993564784526825
535 648 0.9940798282623291
535 648 0.9987101554870605
535 648 0.0005986690521240234
537 552 0.9996703863143921
539 647 0.0017390847206115723
552 555 0.01272803544998169
552 555 0.9966741800308228
554 559 0.003192126750946045
560 561 0.9960605502128601
561 568 0.9994114637374878
561 568 0.9979999661445618
561 568 0.9963703155517578
561 568 0.9991650581359863
561 568 0.9984081387519836
561 568 0.993751585483551
561 568 0.9979222416877747
561 568 0.9962863922119141
561 569 0.9995036125183105
561 569 0.9989959597587585
561 569 0.8757864832878113
561 569 0.9925432205200195
561 569 0.9984305500984192
561 570 0.9990143775939941
561 572 0.0003775358200073242
561 572 0.9019980430603027
561 572 0.999498724937439
561 572 0.9809762835502625
561 572 0.9995481371879578
561 572 0.9990358352661133
561 572 0.000295102596282959
561 572 0.9983875751495361
561 572 0.03271991014480591
561 572 0.19717013835906982
561 575 0.9991992115974426
561 576 0.009926915168762207
561 576 0.9960529804229736
561 576 0.9962614178657532
561 577 0.598129391670227
561 577 0.00025659799575805664
561 578 0.9960663914680481
561 580 0.9975417852401733
561 580 0.9989670515060425
561 580 0.9965644478797913
561 581 0.9986720085144043
561 582 0.8471308946609497
561 582 0.45279133319854736
564 571 0.003949463367462158
567 573 0.9991600513458252
567 573 0.12289625406265259
569 584 0.1201627254486084
570 574 0.9975442290306091
572 580 0.0029585957527160645
572 577 0.9994296431541443
573 575 0.998332679271698
576 579 0.9940981864929199
584 598 0.9731612205505371
585 599 0.14628291130065918
586 603 0.9993637204170227
590 606 0.9968578815460205
599 607 0.998916506767273
599 800 0.9977908134460449
599 624 0.9983745813369751
607 611 0.04854649305343628
614 624 0.9974048733711243
614 625 0.9996572732925415
614 626 0.004536449909210205
615 627 0.9996969699859619
620 627 0.9823485016822815
627 633 0.9992996454238892
627 633 0.9901122450828552
627 633 0.028538167476654053
628 634 0.9891013503074646
628 634 0.0008741021156311035
630 672 0.9735128283500671
636 638 0.9852737784385681
646 648 0.9962984919548035
646 649 0.00015878677368164062
652 752 0.4013082981109619
652 774 0.9994651675224304
667 669 0.613709032535553
673 686 0.9997875094413757
673 687 0.9993160963058472
673 688 0.9993450045585632
673 689 0.9985697269439697
673 690 0.9836958646774292
675 677 0.005972146987915039
686 694 0.9990634322166443
693 771 0.0008804202079772949
693 772 0.9940102100372314
696 697 0.9996802806854248
696 697 0.9988617897033691
696 701 0.9993370175361633
696 702 0.977583646774292
697 698 0.014407753944396973
697 699 0.9980693459510803
698 703 0.0031027793884277344
698 702 0.25224512815475464
699 700 0.9958502054214478
699 700 0.9979714751243591
699 700 0.994860827922821
699 700 0.999241828918457
699 700 0.9981684684753418
699 700 0.9982885718345642
699 700 0.9980642199516296
700 701 0.9949036836624146
700 701 0.9916821718215942
700 701 0.2006348967552185
700 701 0.9968569278717041
700 701 0.015039622783660889
700 701 0.9993064403533936
700 701 0.9847301840782166
700 701 0.9951287508010864
701 704 0.9964086413383484
701 703 0.9998059868812561
702 705 0.02048736810684204
703 706 0.0010460615158081055
709 720 0.9470763802528381
710 721 0.9970391988754272
711 723 0.9868048429489136
711 741 0.9984889030456543
711 742 0.25719594955444336
711 736 0.9788557887077332
712 726 0.97698575258255
712 726 0.9994149208068848
713 724 0.8825848698616028
720 730 0.9889634847640991
720 731 0.14453577995300293
725 733 0.9871516227722168
730 732 0.9992732405662537
736 743 0.984367311000824
741 744 0.000635683536529541
741 745 0.9929224252700806
741 746 0.9976963400840759
741 746 0.795475423336029
741 746 0.7065481543540955
742 747 0.038456737995147705
746 749 0.9989022016525269
746 749 0.9993488192558289
746 751 0.9989228844642639
746 751 0.9982274174690247
746 751 0.9986376166343689
746 751 0.9978989362716675
746 751 0.9996320009231567
752 769 0.9934054613113403
752 770 0.0001366138458251953
755 773 0.154282808303833
755 774 0.9673187732696533
767 777 0.996335506439209
769 778 0.9991289973258972
769 778 0.9991289973258972
769 779 0.5048617124557495
769 780 0.4337654709815979
769 781 0.9994262456893921
771 784 0.00020951032638549805
772 785 0.9996790885925293
774 786 0.9836798310279846
774 787 0.9933013916015625
774 787 0.9946362376213074
774 788 0.5417083501815796
774 789 0.0015053749084472656
788 790 0.003662705421447754
801 805 0.9983445405960083
